kmer	auc	count	MOCCS2score
AAAAAA	-10.2032503950671	32273	-18.2460807582534
AAAAAC	-5.53330068560234	11231	-5.83720389501439
AAAAAG	-7.42797820742808	15051	-9.07119865442581
AAAAAT	-10.0201701427003	21864	-14.7486165437881
AAAACA	-5.28963640860746	16172	-6.69605583809989
AAAACC	2.57721452835119	7654	2.24443058856588
AAAACG	-0.825027685492797	1806	-0.349010726278573
AAAACT	-7.2134480438335	10403	-7.32375127086523
AAAAGA	-0.415902140672781	15696	-0.51867704724737
AAAAGC	-1.15013927576602	8975	-1.08462358030274
AAAAGG	-5.2884006334125	10104	-5.29154381385845
AAAAGT	-8.65433403805497	10879	-8.98544357720979
AAAATA	-11.7300515590474	20365	-16.6630120097904
AAAATC	0.615297235895496	10564	0.629521459890147
AAAATG	-3.8973387543892	16233	-4.94286705236599
AAAATT	-13.0690239919608	15922	-16.4154708446828
AAACAA	-2.73498656597197	13771	-3.19484148919017
AAACAC	-0.321333670757935	7903	-0.284356791492992
AAACAG	4.61887648950256	10574	4.72789019273131
AAACAT	-4.10699222045177	10669	-4.22276697925924
AAACCA	9.17222097964662	8942	8.63382459293282
AAACCC	0.307771381578951	4864	0.213666480444654
AAACCG	7.8265513733469	983	2.44263501440541
AAACCT	0.549589245705753	6695	0.447635885963725
AAACGA	-3.79942693409742	1396	-1.41309768635799
AAACGC	0.882324687800194	1041	0.283377376285503
AAACGG	4.22146507666099	1174	1.43982141375963
AAACGT	2.94954682779456	1655	1.19444367121179
AAACTA	-5.84399534748473	6878	-4.82450017323419
AAACTC	-3.26170487568615	6194	-2.55529851402678
AAACTG	1.3796393864887	8541	1.26920368480733
AAACTT	-6.24943566591422	8860	-5.85556817385735
AAAGAA	-3.48791931224363	17797	-4.63181504351066
AAAGAC	0.686311217612703	6677	0.558242843931967
AAAGAG	0.269961977186314	10520	0.275627057799115
AAAGAT	24.7767109381609	11821	26.8152680024991
AAAGCA	-1.15451650004424	11303	-1.22182325551194
AAAGCC	5.03397351956933	6873	4.15427725389882
AAAGCG	-2.42892398815399	1013	-0.769537921128249
AAAGCT	1.15304870568029	8151	1.03624984421183
AAAGGA	2.60538525269263	12070	2.84929203926038
AAAGGC	2.60327182508916	6449	2.08102398447745
AAAGGG	-2.02361092425669	7433	-1.73668263058466
AAAGGT	-6.21391711014352	6201	-4.87088302989754
AAAGTA	-6.79183278277708	8779	-6.33462467999897
AAAGTC	0.495530541301111	6041	0.38338597693607
AAAGTG	0.0564917656070492	7833	0.0497691920899285
AAAGTT	-6.0665862220272	9116	-5.7657779343249
AAATAA	-10.9090588171401	18413	-14.7353663915188
AAATAC	-5.56702664631999	8519	-5.11480390695907
AAATAG	-4.67056969151092	8882	-4.38163926989683
AAATAT	-10.8291567472748	15962	-13.6191396235383
AAATCA	5.2078511661029	11234	5.49461355227713
AAATCC	-2.12901701323251	6348	-1.68853073463268
AAATCG	1.51739130434783	1035	0.485936078840431
AAATCT	15.8597122302158	11120	16.6478853222748
AAATGA	1.82975630019386	14444	2.18901314820234
AAATGC	3.55471611721612	8736	3.30729256890716
AAATGG	-6.51914727819214	8983	-6.15053467808955
AAATGT	-5.5230874733313	13124	-6.29834449922183
AAATTA	-15.3660198845414	12472	-17.0820827363547
AAATTC	-1.48957688338493	9690	-1.45960785373344
AAATTG	-9.24819066633391	8014	-8.2412449565549
AAATTT	-13.9462892010785	7047	-11.6539240027916
AACAAA	-2.13425472621827	13277	-2.44797855264333
AACAAC	-3.65697081036946	4899	-2.54792472175889
AACAAG	1.50063421595053	6307	1.18630849174262
AACAAT	-0.94224641529474	7532	-0.814012415007438
AACACA	-0.451094716801521	8404	-0.411644333631926
AACACC	-1.56936722266349	3777	-0.960084480091096
AACACG	10.6985049833887	1204	3.69528310024365
AACACT	0.667767929089446	6205	0.523609875993212
AACAGA	8.95830242661863	9437	8.662715996379
AACAGC	6.90978165938865	5725	5.20431348897151
AACAGG	3.42927912538435	5854	2.61180394775018
AACAGT	1.62801814940852	6171	1.27305859818575
AACATA	-9.2711970074813	6416	-7.39229630550298
AACATC	8.55702796563699	5471	6.3003936888649
AACATG	-1.02926379339259	5963	-0.791171217723298
AACCAA	-0.487820512820512	6240	-0.383586869363591
AACCAC	22.796544610624	5817	17.3073244303992
AACCAG	5.44405099150141	5648	4.07268581004732
AACCAT	2.60095859677749	4903	1.81290799678753
AACCCA	1.21464646464647	5148	0.867522082918587
AACCCC	-2.40300375469336	3196	-1.35228806103007
AACCCG	-0.417920656634746	731	-0.11247704685118
AACCCT	0.444392082940624	4244	0.288181023767996
AACCGA	3.48717948717949	702	0.919717047544588
AACCGC	8.31104651162791	688	2.17000788033186
AACCGG	6.15202702702703	592	1.49001440540112
AACCGT	9.16899441340782	716	2.44224707620156
AACCTA	-6.00942318675043	3502	-3.53999165536471
AACCTC	4.37980546549328	4318	2.86488714878758
AACCTG	-0.146099142438818	4781	-0.100558414604013
AACGAA	-8.68733273862622	1121	-2.89534714065756
AACGAC	-3.18270944741533	561	-0.750394777746547
AACGAG	3.7054794520548	876	1.09171139022598
AACGAT	11.3916083916084	858	3.32154445884902
AACGCA	5.57757704569607	941	1.70314556865109
AACGCC	1.58425414364641	724	0.424331735784515
AACGCG	7.61914893617021	235	1.16265743525475
AACGCT	2.92082429501085	922	0.882840548599412
AACGGA	8.0852324521422	1097	2.66567502682158
AACGGC	-1.54424778761062	678	-0.400260942634432
AACGGG	-0.310741687979536	782	-0.086499635250312
AACGGT	-2.67582417582417	637	-0.672262162957564
AACGTA	0.882663847780129	946	0.270241651540889
AACGTC	8.34747847478475	813	2.36925583953433
AACGTG	3.48492840994725	1327	1.26369044414554
AACGTT	-0.579674796747965	615	-0.143097931288422
AACTAA	-5.82705322846168	5467	-4.28879118203029
AACTAC	-3.40320665083135	3368	-1.96601008722807
AACTAG	5.50525072197427	3809	3.38215859053268
AACTAT	-2.68754774637127	5236	-1.93583076066618
AACTCA	0.426762820512823	6240	0.335575503651527
AACTCC	2.19388235294118	4250	1.42370227461653
AACTCG	4.54240766073872	731	1.22252056978509
AACTCT	0.585191450099956	6503	0.469749393826048
AACTGA	7.7528	7500	6.68344827586207
AACTGC	5.93523523523524	4995	4.17558243178239
AACTGG	2.48929979350479	5327	1.80854754549427
AACTGT	0.273947630096124	6034	0.211827128847428
AACTTA	-7.18913342503438	5089	-5.10509876349296
AACTTC	1.4978180597516	5958	1.15085521825088
AACTTG	-1.65969791858537	5429	-1.21730764429272
AAGAAA	-4.11001985163514	19142	-5.66042388116134
AAGAAC	-2.39710460772104	6424	-1.91249862647376
AAGAAG	-0.512734928622778	9737	-0.503636117841377
AAGAAT	5.89678751720973	10895	6.12689552990853
AAGACA	-0.847312753658833	8131	-0.760548830787568
AAGACC	-3.60186199342826	3652	-2.16672518888514
AAGACG	1.69925163704397	1069	0.553041763433561
AAGACT	4.75433044636909	6004	3.66708591167313
AAGAGA	5.97732675882717	11357	6.34088956969273
AAGAGC	3.07486631016043	5610	2.29255122229445
AAGAGG	1.22650019610407	7649	1.06777889226078
AAGAGT	2.44685519258898	6153	1.91057066261351
AAGATA	36.5592236894758	9996	36.3849236564153
AAGATC	40.990556229423	5771	30.9970759790571
AAGATG	15.8638189767222	8463	14.5271792391294
AAGCAA	1.85347398652381	9053	1.75547291978665
AAGCAC	1.63288969550313	4959	1.14463041463239
AAGCAG	4.85786919343657	8654	4.49847841554235
AAGCAT	5.95717174635274	6923	4.93399455581118
AAGCCA	6.84015971148892	7764	5.99957358933688
AAGCCC	0.443268601352828	4583	0.298712417830294
AAGCCG	5.48243902439025	1025	1.74721810759091
AAGCCT	5.662706865476	6103	4.40359271580831
AAGCGA	5.58847497089639	859	1.63042667157103
AAGCGC	-5.79451137884872	747	-1.57648012551448
AAGCGG	0.340628507295176	891	0.101211817207959
AAGCGT	6.02955367913149	829	1.72811965704418
AAGCTA	0.22818008069654	4709	0.155866740568161
AAGCTC	3.29540481400438	4570	2.21757466299107
AAGCTG	10.0761506276151	7170	8.49308768766346
AAGCTT	2.30279975654291	3286	1.31401805770735
AAGGAA	4.45672658741664	13796	5.2107947102926
AAGGAC	0.60675005391417	4637	0.411282045313695
AAGGAG	3.14067954386782	8594	2.89822887898998
AAGGAT	8.7754884255459	6091	6.81752872650994
AAGGCA	4.72792316617249	7757	4.1450396095602
AAGGCC	6.27844311377246	4509	4.19665685851057
AAGGCG	3.61557788944724	995	1.1352738680941
AAGGCT	5.32282184655398	6152	4.155865399685
AAGGGA	2.92262958280658	7910	2.58745852271107
AAGGGC	4.18178967175413	4783	2.87888127644119
AAGGGG	-3.62025068546807	5106	-2.57507823863372
AAGGGT	-0.448391742678826	4166	-0.288090288280858
AAGGTA	-6.76295747831606	4727	-4.62850606409983
AAGGTC	0.0490556138510001	3812	0.0301492518489742
AAGGTG	-5.42823744663549	4919	-3.7897331184047
AAGGTT	0.284570312500001	5120	0.202691693082767
AAGTAA	-5.62737715379706	7835	-4.95834683830756
AAGTAC	-1.89841059602649	3775	-1.16107428423084
AAGTAG	-2.06196023297851	4979	-1.4483139955254
AAGTAT	-3.0173714824713	6361	-2.39553686336381
AAGTCA	6.48402948402949	7326	5.52445979437411
AAGTCC	-1.38065326633166	3980	-0.867036817953726
AAGTCG	2.95103448275862	725	0.790960264926022
AAGTCT	1.61037974683545	5925	1.23391105823973
AAGTGA	6.66899618805591	7870	5.88923947470129
AAGTGC	1.28379000690767	4343	0.842171003984236
AAGTGG	-0.12324438202247	5696	-0.0925898756629718
AAGTGT	-1.57585616438356	5840	-1.19876589173238
AAGTTA	-2.31723115342594	6407	-1.84632478507536
AAGTTC	-1.93377813184624	5021	-1.36399611851788
AAGTTG	-2.14119538490637	5287	-1.54978813949901
AATAAA	-11.4577922077922	16632	-14.7090477933392
AATAAC	-6.34309447893942	5959	-4.87415405896717
AATAAG	-3.98190719455087	7047	-3.32739721386792
AATAAT	-13.4659555555556	11250	-14.2175517284946
AATACA	-6.93019416193369	7571	-6.00251707991166
AATACC	-3.91918388977212	3774	-2.39666850194315
AATACG	-9.07126948775055	898	-2.70593659761545
AATACT	-5.7378548895899	6340	-4.54784410094044
AATAGA	0.630942334739805	7110	0.529585210152254
AATAGC	-3.58329487771112	4334	-2.3482178299506
AATAGG	-5.83169774288518	4076	-3.70615410031176
AATAGT	-6.7535930408472	5288	-4.88868426830026
AATATA	-19.8158469945355	9150	-18.8683779237922
AATATC	0.779569892473119	6045	0.603343432458695
AATATG	-4.84690736076126	7146	-4.07856702921797
AATATT	-12.6009160068312	6441	-10.0667699808946
AATCAA	4.60153232839168	8027	4.10384064152864
AATCAC	16.7850877192982	5928	12.8643868602854
AATCAG	27.2203204661326	8238	24.5932263392239
AATCAT	10.4260008996851	8892	9.78653298388302
AATCCA	0.703667640376503	6162	0.549844399193686
AATCCC	1.76778882938026	3921	1.10189493175671
AATCCG	13.4040880503145	636	3.36493910247866
AATCCT	1.41517323775389	5859	1.07828294261008
AATCGA	-5.38343558282208	1141	-1.81014648797152
AATCGC	24.8845089903181	723	6.66054249648882
AATCGG	11.3047337278106	676	2.92580288935485
AATCGT	4.80132052821128	833	1.37941384139656
AATCTA	18.4725920125294	6385	14.6933109098407
AATCTC	34.5357091844022	7001	28.7646965268163
AATCTG	29.4663438256659	8260	26.6580055973307
AATCTT	24.3538586076633	9265	23.334681162827
AATGAA	-1.63619985587316	12489	-1.82016836501887
AATGAC	13.1949334149702	6533	10.6163422570835
AATGAG	8.30608319307527	8318	7.54079464048093
AATGAT	8.20737491107423	8434	7.50295686672281
AATGCA	5.49441836864138	7883	4.85600212092952
AATGCC	6.35803876852908	5262	4.59102832986632
AATGCG	13.7431654676259	695	3.60653836824014
AATGCT	6.54489056182909	7173	5.51777749515324
AATGGA	-1.17739938080495	9690	-1.15371109901932
AATGGC	0.43269230769231	4576	0.291362437318506
AATGGG	-3.33528225806451	4960	-2.33821698305473
AATGGT	-3.96158574062692	4881	-2.75508398779224
AATGTA	-5.76671131949095	7465	-4.95968959029249
AATGTC	1.16965981695735	5791	0.886028581850376
AATGTG	5.06777804818691	8218	4.57311406078234
AATGTT	-3.34183304023999	9667	-3.27070960920532
AATTAA	-19.2939424031778	10070	-19.2729010677717
AATTAC	-6.5791315270052	5573	-4.88904989326551
AATTAG	-10.3780487804878	5699	-7.79877543880976
AATTAT	-13.2156626506024	10375	-13.3996784217183
AATTCA	-6.55402066486971	8904	-6.15618639978375
AATTCC	8.63920494451468	7119	7.25595619660105
AATTCG	-0.443548387096773	744	-0.120431154913973
AATTCT	-3.30866763666597	9622	-3.23070421895695
AATTGA	-7.30202874049028	5915	-5.59026366057779
AATTGC	-2.65457552370452	4535	-1.77948819174106
AATTGG	-9.74036608863199	4152	-6.24763042957787
AATTGT	-8.41118220597196	6564	-6.78348245684781
AATTTA	-12.8904708204116	10641	-13.2364456515264
AATTTC	-6.66356196834284	9287	-6.39227635902345
AATTTG	-8.31899917189164	8453	-7.61356210389915
ACAAAA	-3.78335843970506	12613	-4.22958800489972
ACAAAC	2.12409000661814	6044	1.64379071348115
ACAAAG	7.07015844067024	8773	6.59196040535396
ACAACA	-0.537940379403788	5535	-0.39838624629385
ACAACC	1.42979618246522	3091	0.791288792835316
ACAACG	-3.41950886766712	733	-0.921567394295319
ACAAGA	9.67371037911748	6436	7.72524884383366
ACAAGC	5.0244122965642	3871	3.1117753381718
ACAAGG	2.57150091148471	4937	1.79857944291065
ACAAGT	-3.61125238397966	4719	-2.46941572465314
ACAATA	-5.54495396280917	5539	-4.10794865183508
ACAATC	23.2764788403086	4277	15.1529882706477
ACAATG	5.31341401916289	5949	4.07950078303657
ACACAA	0.548187444739171	6786	0.449518315154022
ACACAC	0.110455311973021	6523	0.0888017807815398
ACACAG	5.23235717714834	8332	4.75426507616926
ACACCA	3.91767909509845	4774	2.69452021168662
ACACCC	3.04141018466704	3574	1.80993779516515
ACACCG	4.04064039408867	812	1.14614508098718
ACACGA	7.7563025210084	952	2.38223495532967
ACACGC	6.26084656084656	945	1.91584488432999
ACACGG	3.06119402985075	1005	0.966018108634848
ACACGT	4.01857707509882	1265	1.42275114638531
ACACTA	0.0471045808124492	3471	0.0276249709017804
ACACTC	3.29958837149473	3887	2.04775697447153
ACACTG	7.37120733249051	6328	5.8369132836575
ACAGAA	3.34814366800038	10747	3.45508780515949
ACAGAC	3.26042957455597	4842	2.25838819750847
ACAGAG	5.31764569842738	8648	4.92253278771545
ACAGCA	4.19713213615653	7462	3.60903956814933
ACAGCC	6.52390216787104	5397	4.77084193372667
ACAGCG	13.1468952734013	1079	4.29878084299621
ACAGGA	9.61978751660028	7530	8.30948956072557
ACAGGC	7.08702859510983	4826	4.90082531663598
ACAGGG	1.71620111731844	5370	1.2518915334543
ACAGGT	-7.99683624398886	3951	-5.00360590888747
ACAGTA	3.03818400481058	4989	2.13615225531308
ACAGTC	6.15526998349446	4241	3.99018123678997
ACAGTG	5.50812641083521	6645	4.46953940398424
ACATAA	-6.24018547140649	6470	-4.99644392194065
ACATAC	-4.97961923358555	4097	-3.17278392696466
ACATAG	-2.54195097295931	3957	-1.59170131178699
ACATCA	12.315660685155	6130	9.5984107561293
ACATCC	1.76315789473684	3933	1.10068882789975
ACATCG	9.96740638002773	721	2.66416535638876
ACATGA	4.39346614891102	5923	3.36580948508626
ACATGC	1.71886249100072	4167	1.10449629612429
ACATGG	-2.24177489177489	4620	-1.5167861958964
ACATGT	-7.50145772594752	2744	-3.91155191578781
ACATTA	-4.75487624979511	6101	-3.6970141267075
ACATTC	12.1781146716482	6959	10.1126472046386
ACATTG	-1.66463909164639	4932	-1.16370527307643
ACCAAA	-0.414141414141412	6930	-0.343183704958977
ACCAAC	0.962219411950682	3163	0.538685256357877
ACCAAG	3.57977550611345	4989	2.51694614572086
ACCACA	23.5313441007391	7306	20.0215615983027
ACCACC	-0.0554966887417201	3775	-0.033941960866023
ACCACG	13.3709090909091	1100	4.41436924792483
ACCAGA	7.86991213914291	5577	5.85034644968627
ACCAGC	6.83751160631383	4308	4.4673224713444
ACCAGG	6.79191042969538	4957	4.76006396145464
ACCATA	2.35479612789675	3409	1.36860522187313
ACCATC	15.4517275177653	4081	9.82588591703556
ACCATG	1.78322747588803	4251	1.15734723568881
ACCCAA	-2.9602726845322	4254	-1.92194891333693
ACCCAC	1.95834345397134	4117	1.25080806610631
ACCCAG	4.89118780365221	5969	3.76163373802732
ACCCCA	-3.66125610014852	4713	-2.50201671800277
ACCCCC	-11.817137229153	3046	-6.49215092545288
ACCCCG	-6.3798449612403	1032	-2.04014649072252
ACCCGA	-1.19650349650349	715	-0.318477218852053
ACCCGC	-2.3797619047619	840	-0.686569537373405
ACCCGG	-10.4203142536476	891	-3.09621455310474
ACCCTA	-4.28929254302103	2615	-2.18339792459051
ACCCTC	-5.08320726172466	3966	-3.18658532602977
ACCCTG	-0.294225216554377	5195	-0.211097964754941
ACCGAA	2.1740638002774	721	0.581100563019466
ACCGAC	-4.23923444976076	418	-0.862753948838389
ACCGAG	-1.05405405405405	888	-0.312666062828203
ACCGCA	13.0725534308211	889	3.87991923313831
ACCGCC	3.85211267605634	852	1.11925787419317
ACCGCG	-5.36199095022624	442	-1.12214399674412
ACCGGA	10.9143070044709	671	2.81428972381104
ACCGGC	6.74405705229795	631	1.68634835883979
ACCGGG	-5.4382889200561	713	-1.44550108049548
ACCGGT	0.729050279329612	179	0.0970946667004736
ACCGTA	5.99557522123893	565	1.41862124362088
ACCGTC	2.00462962962963	648	0.507964108536933
ACCGTG	8.96960167714886	954	2.75777432331358
ACCTAA	-8.22746276456754	3827	-5.06648236872523
ACCTAC	-5.79596774193549	2480	-2.87318227916235
ACCTAG	0.607832422586523	2745	0.31700522149075
ACCTCA	6.85760046592894	5151	4.89924697209714
ACCTCC	-2.0331443523768	4586	-1.37055547458471
ACCTCG	4.37590361445783	830	1.25492616030868
ACCTGA	-0.719887005649716	4425	-0.476685949344153
ACCTGC	-6.52362008950771	4022	-4.1183293378178
ACCTGG	-5.18922142702233	4611	-3.50760873450721
ACCTTA	2.36598789212989	3634	1.41976464894575
ACCTTC	-3.99846018477782	4546	-2.68360671925918
ACCTTG	-2.16444073455759	4193	-1.39514552045082
ACGAAA	-7.00870760769936	1091	-2.3044203228584
ACGAAC	-0.644268774703554	506	-0.14426258858847
ACGAAG	-6.67696335078534	955	-2.05396035785339
ACGACA	3.41483113069016	681	0.887062391451572
ACGACC	-6.34803921568627	408	-1.27638314804338
ACGACG	8.10989010989011	182	1.08908566714846
ACGAGA	10.0558112773303	869	2.95079053286097
ACGAGC	1.62095400340716	587	0.390931909736376
ACGAGG	4.00260688216893	959	1.23385356554392
ACGATA	25.3573551263002	673	6.54821400154086
ACGATC	23.8842195540309	583	5.74059239352069
ACGATG	8.21526195899773	878	2.42314862888567
ACGCAA	6.21862068965518	725	1.66676529769524
ACGCAC	7.30689655172414	725	1.95845384596663
ACGCAG	6.79128630705395	1205	2.34669659061505
ACGCCA	5.6964956195244	799	1.60284872650478
ACGCCC	3.82	875	1.12480896338982
ACGCCG	-18.126404494382	356	-3.40445850514626
ACGCGA	9.18911917098446	193	1.27076111597984
ACGCGC	8.18888888888889	315	1.44674381504066
ACGCGG	-7.84426229508196	366	-1.49383980970155
ACGCGT	12.3510638297872	94	1.19200937754768
ACGCTA	11.04	550	2.57728114905692
ACGCTC	4.41280653950954	734	1.19007490436091
ACGCTG	4.1008	1250	1.44322809442604
ACGGAA	6.07443491816056	1283	2.16586104724415
ACGGAC	-2.78838951310861	534	-0.641409589031515
ACGGAG	1.52522522522523	1110	0.505832637719939
ACGGCA	0.397583429229002	869	0.116667406202835
ACGGCC	2.76025641025641	780	0.767375814857948
ACGGCG	-3.02905198776758	327	-0.545245365236523
ACGGGA	7.26873661670236	934	2.2112800595275
ACGGGC	0.775623268698063	722	0.207458296424468
ACGGGG	-7.23326467559217	971	-2.24365124573921
ACGGGT	-3.875	584	-0.93215795349159
ACGGTA	5.2271186440678	590	1.26386225126041
ACGGTC	4.23431734317343	542	0.98128334028164
ACGGTG	0.444386149003151	953	0.136558376021816
ACGTAA	9.15153115100317	947	2.80336812457295
ACGTAC	-2.10798548094374	551	-0.492555070057001
ACGTAG	0.222520107238607	746	0.0604992587173732
ACGTCA	16.9580584354383	1061	5.49851226950757
ACGTCC	-0.743064729194187	757	-0.203510099259393
ACGTCG	2.25555555555556	180	0.301232038038355
ACGTGA	8.06254856254856	1287	2.87920770619053
ACGTGC	6.07290589451913	967	1.87984121642384
ACGTGG	4.32325268817204	1488	1.66005877577334
ACGTTA	-1.46456256921373	903	-0.438089843341293
ACGTTC	2.57912844036698	872	0.758128096498272
ACGTTG	5.05829596412556	892	1.50382757099056
ACTAAA	-2.80517161049852	6439	-2.24068097464713
ACTAAC	5.82455251604188	2961	3.15495484721766
ACTAAG	8.60792622133599	4012	5.42738184098225
ACTACA	1.06191677175284	3965	0.665615543292811
ACTACC	-0.706726457399102	2230	-0.332211881383076
ACTACG	-0.756972111553782	502	-0.16882747187192
ACTAGA	8.79513970415591	4259	5.71357511609202
ACTAGC	2.90391969407266	2092	1.32213810241594
ACTAGG	4.41797302223843	2743	2.30328321363812
ACTAGT	3.17457886676876	1306	1.14200784780899
ACTATA	-9.04358837643295	3751	-5.51347866214622
ACTATC	21.5635688931914	3099	11.9493094420842
ACTATG	5.38773274917854	3652	3.24102819039867
ACTCAA	7.66654330125833	5404	5.61007467585958
ACTCAC	19.20091457482	5139	13.7016416020133
ACTCAG	16.1148546231225	7257	13.6652107075945
ACTCCA	2.74224204809931	5156	1.9600791962612
ACTCCC	-2.5558631102164	3974	-1.60384686710857
ACTCCG	5.32142857142857	756	1.45646654685452
ACTCGA	-0.8983451536643	846	-0.260099663203053
ACTCGC	8.00816993464052	612	1.97206111833945
ACTCGG	3.07894736842105	798	0.86579503282446
ACTCGT	6.85311572700297	674	1.77104417158125
ACTCTA	-0.160030241935482	3968	-0.100345816851895
ACTCTC	0.828254244666959	4594	0.558818203424491
ACTCTG	5.57760663507109	6752	4.56221216225139
ACTGAA	0.588632701128055	8067	0.526273852463732
ACTGAC	11.0683122847302	4355	7.2708780861427
ACTGAG	6.37633198259043	6663	5.18104311249063
ACTGCA	7.74526352049604	5806	5.87470540708337
ACTGCC	7.23493975903615	4814	4.99688484872188
ACTGCG	2.25375	800	0.63454454112616
ACTGGA	4.29260283442793	5786	3.25028393830696
ACTGGC	8.50467945718296	4274	5.53460444587409
ACTGGG	4.71117772191066	5171	3.37231501031087
ACTGGT	3.91706161137441	3798	2.40297505179019
ACTGTA	3.17689119170985	4825	2.19665765619364
ACTGTC	2.0531914893617	4230	1.32926331167098
ACTGTG	6.49340823970037	6675	5.28092162207536
ACTTAA	-7.8966265060241	6225	-6.20186993814163
ACTTAC	-2.6688815060908	3612	-1.59666770881288
ACTTAG	0.841731105013721	4009	0.530521249024718
ACTTCA	0.520175970873788	6592	0.420407315766558
ACTTCC	9.46926262143654	6279	7.46917753115301
ACTTCG	3.90365682137834	711	1.03613849812199
ACTTGA	2.88239700374532	5340	2.09669763466969
ACTTGC	7.46857816182247	3819	4.59435065369529
ACTTGG	0.948377581120947	5085	0.673190745127843
ACTTTA	-2.33412254268905	6969	-1.93963612610448
ACTTTC	-1.10269738690643	7118	-0.926076185660607
ACTTTG	0.506322599617705	6801	0.41564741030968
AGAAAA	-4.90448249326664	20792	-7.03967648142839
AGAAAC	0.738332227383325	9042	0.698868483446836
AGAAAG	2.43201852681907	13386	2.80093911443466
AGAACA	-0.987578747176984	8413	-0.901692710652092
AGAACC	-2.34016393442623	4148	-1.50029628833172
AGAACG	3.67819148936171	1128	1.22970308928958
AGAACT	1.38453982167146	6617	1.12110786079546
AGAAGA	5.66077111939621	10997	5.9091373830267
AGAAGC	0.606278091924027	6897	0.501202659968526
AGAAGG	-0.411895865975651	8297	-0.373473126444669
AGAAGT	-2.96045548654244	7245	-2.50835562653665
AGAATA	-7.89746430329887	8124	-7.08572034738843
AGAATC	12.8958333333333	6288	10.1792799210613
AGAATG	10.082506271131	9169	9.6103867709705
AGACAA	0.944073213248114	6884	0.779717865482272
AGACAC	0.898684751335802	4866	0.624029045051369
AGACAG	3.17487484778786	7391	2.7169997000865
AGACCA	1.788	4625	1.21041629615109
AGACCC	-11.5231958762887	3104	-6.39065215828819
AGACCG	1.93323442136499	674	0.499603930627921
AGACCT	0.554689318128928	4297	0.361946064220495
AGACGA	4.07857974388824	859	1.18991768437645
AGACGC	6.35857321652066	799	1.78914049324564
AGACGG	4.32865731462926	998	1.3612248074935
AGACGT	2.05711422845692	998	0.64689688189448
AGACTA	-0.606008010680906	3745	-0.369160865173672
AGACTC	4.24570945129321	4137	2.71834397040965
AGACTG	7.33877159309021	5731	5.53031609051751
AGAGAA	-2.29574659953407	13307	-2.63618210264883
AGAGAC	-2.48677800974252	5748	-1.87675152360073
AGAGAG	3.404075751338	9716	3.34006061246527
AGAGCA	3.66301876065947	7036	3.05853487871043
AGAGCC	4.24614956392652	5389	3.10284983688232
AGAGCG	5.26591760299625	1068	1.7130540451597
AGAGCT	4.77180149168101	6972	3.9661801523213
AGAGGA	4.68038009447435	9103	4.44513314666169
AGAGGC	2.61864678531346	6237	2.05861993446943
AGAGGG	-3.05416911332942	6812	-2.50923755900249
AGAGGT	1.55880184331797	5425	1.14288402169296
AGAGTA	-1.9723926380368	4727	-1.34988742945821
AGAGTC	6.38596102745793	4516	4.2718363751133
AGAGTG	5.99183780937336	5697	4.50188646262219
AGATAA	55.3823791821561	13450	63.9358038743274
AGATAC	23.252172991308	4717	15.8967323641878
AGATAG	40.7258750408898	6114	31.6989240028758
AGATCA	38.1158243080626	6648	30.9358605147244
AGATCC	25.6211671612264	4044	16.2186933463629
AGATCG	45.9191082802548	785	12.8067712742164
AGATCT	49.017473466218	3863	30.3266651161789
AGATGA	22.2916349809886	9205	21.2894870913558
AGATGC	22.5290124604798	5377	16.4446090274768
AGATGG	24.0549016985422	7477	20.7051630988119
AGATGT	15.0627177700348	6888	12.444036809978
AGATTA	37.1476439139624	8043	33.1628378404109
AGATTC	21.7037510656437	5865	16.5455110840268
AGATTG	38.4342554644808	5856	29.2772570366892
AGCAAA	0.631934637885821	9914	0.626336898054644
AGCAAC	4.53674601340421	4327	2.97063499553005
AGCAAG	7.1509797870699	6481	5.73057156208917
AGCACA	4.59591555759523	6537	3.69890061243166
AGCACC	-3.45317021836359	3801	-2.11923101179758
AGCACG	1.23608445297505	1042	0.397185497475253
AGCAGA	12.5397358406089	8934	11.7983898139569
AGCAGC	5.4165463470979	6926	4.487196479372
AGCAGG	3.3399721448468	7180	2.81719199730161
AGCAGT	4.96765249537894	5951	3.81467516579786
AGCATA	-1.51741521539872	4364	-0.997833739486582
AGCATC	14.9008333333333	4800	10.2764367816092
AGCATG	5.82542819499341	5313	4.22677510160249
AGCCAA	5.77243120013027	6141	4.50287294777136
AGCCAC	10.5506756756757	5624	7.876155978218
AGCCAG	8.92915601023018	7820	7.86004742846494
AGCCCA	3.10849300880373	5793	2.35511998763685
AGCCCC	-6.66533613445378	4760	-4.57759020648152
AGCCCG	3.2358024691358	1215	1.12274600939214
AGCCGA	4.26255707762557	876	1.25583805640906
AGCCGC	5.62922297297298	1184	1.92812720172477
AGCCGG	0.496832937450514	1263	0.175761371962605
AGCCGT	5.27855477855478	858	1.53911140312331
AGCCTA	0.0123602118893495	3398	0.00717214369623513
AGCCTC	5.94218396800557	5751	4.48568896078375
AGCCTG	9.84059434506636	6932	8.15571395767432
AGCGAA	-4.38888888888889	765	-1.20836095248183
AGCGAC	0.0122324159021437	654	0.00311395614472996
AGCGAG	3.28807947019868	1057	1.06412140273457
AGCGCA	0.904924760601917	731	0.243546862494455
AGCGCC	6.59888220120378	1163	2.24012169521825
AGCGCG	-3.36012526096033	479	-0.732039647784885
AGCGCT	4.90357852882704	503	1.0947337475104
AGCGGA	5.62797281993205	883	1.66472967888205
AGCGGC	4.17870370370371	1080	1.36698841765708
AGCGGG	-3.08267716535433	1143	-1.03743892714658
AGCGGT	1.86557610241821	703	0.492381822499745
AGCGTA	5.03571428571429	532	1.15618751811034
AGCGTC	5.92282749675746	771	1.63707151567605
AGCGTG	8.67750439367311	1138	2.91391817536647
AGCTAA	-0.85692116697703	4833	-0.593008129623014
AGCTAC	1.6943997425169	3107	0.940151584812633
AGCTAG	5.92571001494769	3345	3.41153502849125
AGCTCA	6.41495198902606	5832	4.87655971993424
AGCTCC	0.882666398552185	4973	0.619608265870973
AGCTCG	-1.1981865284974	772	-0.331393863062123
AGCTGA	14.6528120713306	7290	12.4536347105458
AGCTGC	7.95098352790661	6253	6.25858921138261
AGCTGG	8.75532218888413	6999	7.29124192127865
AGCTGT	6.40448166591218	6627	5.18983859134263
AGCTTA	8.08689997635375	4229	5.23494704887919
AGCTTC	3.81347106026976	5857	2.9051559204596
AGCTTG	7.85891553701773	4795	5.41711812782967
AGGAAA	4.18323296354993	15775	5.23007737629033
AGGAAC	0.168481321569367	5327	0.122406502174212
AGGAAG	10.0850709939148	12325	11.1450957211805
AGGACA	-0.27336888331242	6376	-0.217287434365929
AGGACC	-6.5188920909382	3123	-3.62636206774091
AGGACG	-0.645009416195855	1062	-0.209237581819035
AGGAGA	10.7675941080196	9776	10.5976763385149
AGGAGC	1.1760007517384	5321	0.853916898161534
AGGAGG	0.865994903868429	8634	0.801000408490487
AGGAGT	1.40009718172984	5145	0.99968286928356
AGGATA	8.49776604386677	4924	5.93574412528037
AGGATC	20.2743755036261	3723	12.3141767538776
AGGATG	6.75578741441148	6134	5.26695053896522
AGGCAA	4.22518849053701	6499	3.39063261821659
AGGCAC	2.60226767452201	4498	1.73729300715084
AGGCAG	8.3906539005549	9191	8.0073455354303
AGGCCA	4.25776602775942	6052	3.29717980543559
AGGCCC	2.92778541953233	4362	1.9248347621956
AGGCCG	0.776025236593066	1268	0.275072294898068
AGGCCT	4.83960216998192	2765	2.53319492727998
AGGCGA	7.45454545454545	880	2.20127287659465
AGGCGC	4.77437185929648	995	1.49912953728451
AGGCGG	1.67420661715058	1481	0.641354228531394
AGGCGT	2.84932349323493	813	0.80872042323455
AGGCTA	4.55527354765933	3546	2.70019548358229
AGGCTC	5.55567830313743	4526	3.72053799681847
AGGCTG	7.51562887620937	8062	6.71735193416069
AGGGAA	0.518533522382016	9874	0.512902455940642
AGGGAC	-0.697993790303317	4187	-0.449587697250458
AGGGAG	3.98762654668166	8890	3.74262865257304
AGGGCA	5.09824182603331	6484	4.0865170361374
AGGGCC	2.35407440212578	4516	1.57473880869064
AGGGCG	8.89227340267459	1346	3.2474817274339
AGGGCT	5.32090053763441	5952	4.08627867470399
AGGGGA	-1.78567035670357	6504	-1.43351728681893
AGGGGC	-4.38392857142857	4368	-2.88413884172241
AGGGGG	-5.90471414242729	3988	-3.71182789637806
AGGGGT	-7.11079156395508	3651	-4.27696054655726
AGGGTA	-2.21879654453381	3357	-1.27968927614325
AGGGTC	-11.6285338593031	3042	-6.38433909233806
AGGGTG	1.13741252127861	5287	0.823254359513919
AGGTAA	-8.73754222972973	4736	-5.98558377603697
AGGTAC	-5.04357204486626	2318	-2.41716514826695
AGGTAG	-6.03961056281674	3749	-3.68110355757121
AGGTCA	7.0004712535344	5305	5.07552942338814
AGGTCC	-5.41741472172352	2785	-2.84587658496661
AGGTCG	1.01913477537438	601	0.24870254880098
AGGTGA	-1.31183088368717	5511	-0.969403170153493
AGGTGC	-7.34516322252171	3339	-4.22494480464004
AGGTGG	-4.44540177761654	5513	-3.28561289370654
AGGTGT	-7.81276260504201	3808	-4.79915168987088
AGGTTA	0.852407360725991	3967	0.534428574403555
AGGTTC	-0.980648064806477	3333	-0.563562661596187
AGGTTG	-1.1732939279957	3722	-0.712535303000431
AGTAAA	-2.53152779423966	8437	-2.3146647807602
AGTAAC	3.18881856540085	3792	1.95467857729849
AGTAAG	4.23033707865169	4806	2.91929669903733
AGTACA	0.582921083627799	4245	0.378059355763195
AGTACC	-1.55813953488372	2150	-0.719178931490246
AGTACG	-2.41383219954648	441	-0.504588966791753
AGTACT	-1.24310915104741	1814	-0.52703478955633
AGTAGA	5.60052396662139	5153	4.0019357362172
AGTAGC	-1.34790498185417	3031	-0.738692391327858
AGTAGG	-2.33747500714082	3501	-1.37674786112097
AGTAGT	-1.80622989178122	3419	-1.05131764787788
AGTATA	-11.19263256687	4262	-7.27361565349259
AGTATC	12.0862357202563	3589	7.20757496913721
AGTATG	4.32257649781435	3889	2.6833235269472
AGTCAA	7.7063227953411	5409	5.64179194173912
AGTCAC	23.1465474823684	6097	17.9910163322093
AGTCAG	20.3910743555357	6711	16.6281949199154
AGTCCA	1.30080124638327	4493	0.867941656697008
AGTCCC	-0.115024766097961	3634	-0.0690232174062928
AGTCCG	1.10487804878049	615	0.272749072399672
AGTCCT	0.0154680594616335	4978	0.010863622305215
AGTCGA	9.34658040665436	541	2.16402741384309
AGTCGC	-0.374100719424458	556	-0.0878086536464421
AGTCGG	-5.65525114155251	657	-1.44293231577201
AGTCGT	7.02663622526636	657	1.79284000424208
AGTCTA	0.946971851009386	3517	0.559029379890657
AGTCTC	1.19330734243015	4617	0.807130259105914
AGTCTG	5.42764378478664	5390	3.96658804787829
AGTGAA	1.85913806863528	7518	1.60462732529493
AGTGAC	16.0940875497442	5277	11.6378106186552
AGTGAG	10.2609675480769	6656	8.33309532338076
AGTGCA	4.13046964490264	4365	2.71645764528035
AGTGCC	4.51592517694641	3956	2.82739351891374
AGTGCG	6.77769571639586	677	1.75544723800472
AGTGCT	6.14315119760479	5344	4.47029113598704
AGTGGA	2.46402375130982	5726	1.85601696120708
AGTGGC	8.92310231023103	4545	5.98817102343968
AGTGGG	-1.11012516345974	5353	-0.808503580953197
AGTGGT	8.23056097032705	4617	5.56699399421985
AGTGTA	-2.29000264480296	3781	-1.40168589038975
AGTGTC	3.60463034024047	3909	2.24339087031735
AGTGTG	7.12632884479093	5644	5.32930702099742
AGTTAA	-2.78575979611341	6278	-2.19718032368188
AGTTAC	1.93369364619035	3793	1.18546973419148
AGTTAG	2.66766623207301	3835	1.64446848375303
AGTTCA	0.731382978723406	5640	0.546758797861948
AGTTCC	2.01892252894034	4492	1.34694824010796
AGTTCG	-3.192	500	-0.710492117304257
AGTTGA	3.72527910685806	5016	2.62632797488502
AGTTGC	3.24495515695067	3568	1.92944543627312
AGTTGG	4.77140818268316	4204	3.07956449403053
AGTTGT	-2.47989528795811	4775	-1.705812963041
AGTTTA	-3.51353562397739	6723	-2.86772363673639
AGTTTC	-0.708197879858655	7075	-0.592965223554304
AGTTTG	0.0439070951320409	6286	0.0346523963210782
ATAAAA	-3.94985215848611	16910	-5.1128614393177
ATAAAC	1.71099290780142	6768	1.40116655832619
ATAAAG	6.43204320432044	8888	6.03618240353771
ATAAAT	-6.31535353535353	12375	-6.99329180845786
ATAACA	12.7227461065867	6999	10.5952262823525
ATAACC	9.07665706051873	3470	5.32233300113029
ATAACG	11.8731931668857	761	3.2604026761007
ATAACT	5.18131493783001	5871	3.95191331906748
ATAAGA	24.8407828126929	8099	22.2531941143742
ATAAGC	19.4585410058904	4414	12.8687930676281
ATAAGG	27.1493812610489	5091	19.2829228643978
ATAAGT	3.62288659793815	4850	2.51152201013827
ATAATA	-8.61668639053254	8450	-7.88460643951308
ATAATC	16.3144820295983	5676	12.2350532076464
ATAATG	3.00098231827112	6617	2.42999501672715
ATACAA	-4.23478835978836	6048	-3.27830216851581
ATACAC	-4.34167328567647	3777	-2.65608525462234
ATACAG	1.2637341529005	5206	0.907651612599558
ATACAT	-10.5795310519645	6312	-8.36683668198613
ATACCA	10.3625529071063	4489	6.91119175167998
ATACCC	-3.42416851441242	2255	-1.61860091569849
ATACCG	7.80290456431535	482	1.70526231026443
ATACCT	-5.41649048625792	3784	-3.31669035328266
ATACGA	4.3946587537092	674	1.13570747699148
ATACGC	3.02242152466368	446	0.635380441245702
ATACGG	8.13333333333333	630	2.03212409544266
ATACGT	-6.99999999999999	932	-2.1272443325245
ATACTA	-3.91060645838803	3809	-2.40248662511169
ATACTC	-3.16594090202177	3215	-1.78691819678918
ATACTG	4.70766773162939	4695	3.21096062526056
ATAGAA	-1.13961124244812	7614	-0.989861744567058
ATAGAC	1.13975601004665	2787	0.598951634470859
ATAGAG	3.94013015184382	4610	2.66300762287564
ATAGAT	21.6369746469287	5877	16.5114707920309
ATAGCA	11.8066896683918	5217	8.48887122927824
ATAGCC	9.07821428571428	2800	4.78179357923163
ATAGCG	13.0756385068762	509	2.93652143755867
ATAGCT	3.10319603871258	4443	2.05901138458772
ATAGGA	5.56228443903428	4929	3.88726351181186
ATAGGC	6.34538553735518	2503	3.16009266818654
ATAGGG	7.19252669039146	2810	3.79529921998169
ATAGGT	-4.75859649122807	2850	-2.52878955560391
ATAGTA	-0.949410609037325	4072	-0.603072248568518
ATAGTC	5.08877551020409	2940	2.74661847384026
ATAGTG	5.2107414716662	3547	3.08916780282942
ATATAA	-15.0454545454545	8569	-13.8637833636539
ATATAC	-15.1744301288404	4036	-9.59620126698635
ATATAG	-7.0339260645765	4274	-4.57747980567038
ATATAT	-19.2763039568345	4448	-12.7972759312557
ATATCA	14.2503203074952	6244	11.2090150545852
ATATCC	1.07818765036087	3741	0.656446876568769
ATATCG	15.724	500	3.49993046757273
ATATCT	23.9484522560336	7624	20.8151849409126
ATATGA	7.78307166174413	6433	6.21397045411396
ATATGC	0.0108213820078258	3835	0.00667078266710034
ATATGG	2.09474072253626	4069	1.33010369413515
ATATGT	-6.85860655737705	6344	-5.43787044622214
ATATTA	-12.3081026162052	7874	-10.8717684158832
ATATTC	-8.60876230434081	6197	-6.74594574294945
ATATTG	-9.03390158853157	5162	-6.46094039368177
ATCAAA	11.0786695986806	9095	10.5172050503323
ATCAAC	15.6935964259121	4029	9.9159080962955
ATCAAG	21.4198121726567	5537	15.8658848901889
ATCACA	16.2137355584082	7011	13.5140166028388
ATCACC	14.9082840236686	4056	9.45122299840587
ATCACG	19.3380651945321	951	5.93628383009596
ATCACT	17.9278709269219	6322	14.1895081445761
ATCAGA	36.5708909111336	8901	34.3452213748672
ATCAGC	36.9472908219683	5426	27.0915512240151
ATCAGG	28.9629901062661	5458	21.2996045638819
ATCAGT	29.0918615244458	6586	23.5014010600602
ATCATA	10.4734317343173	5420	7.6753825189597
ATCATC	16.8991137370753	6770	13.8410692760236
ATCATG	16.7518674583413	5221	12.0490124706059
ATCCAA	5.15757818765037	4988	3.62593840212791
ATCCAC	3.55190311418685	3757	2.16717053595536
ATCCAG	6.79073007616571	5383	4.95952446651167
ATCCCA	4.92410980704197	5027	3.47531000605557
ATCCCC	-2.49880525686977	3348	-1.43925091643295
ATCCCG	7.83107191316147	737	2.1162469009967
ATCCCT	4.17146085884529	4867	2.89687813032798
ATCCGA	11.2529411764706	595	2.73234736466485
ATCCGC	18.1796714579055	487	3.99357541496124
ATCCGG	20.595652173913	690	5.38531948702732
ATCCGT	10.0953125	640	2.54226684198339
ATCCTA	5.10723009281876	4094	3.25290007519476
ATCCTC	3.8587651598677	4535	2.58671376096463
ATCCTG	13.0618015577379	5906	9.99220146552715
ATCGAA	4.42256097560976	1640	1.78281850196508
ATCGAC	6.9177545691906	383	1.34764627725966
ATCGAG	9.86335877862596	655	2.51279384671786
ATCGAT	10.5896551724138	290	1.79511467208578
ATCGCA	30.5994475138122	724	8.195854642171
ATCGCC	28.0316265060241	664	7.19024546321658
ATCGCG	28.9166666666667	240	4.45928498961165
ATCGCT	29.5940892641737	829	8.48190929400689
ATCGGA	20.2534456355283	653	5.1518936374111
ATCGGC	21.5186219739292	537	4.96378518062931
ATCGGG	17.0147744945568	643	4.29480117331194
ATCGGT	15.4354243542435	542	3.57708776679573
ATCGTA	12.1661417322835	635	3.05176517851415
ATCGTC	11.9367622259696	593	2.89351187328014
ATCGTG	18.6613995485327	886	5.52932925220899
ATCTAA	21.2041849221937	6619	17.1723271126071
ATCTAC	30.0299951620706	4134	19.2199333565002
ATCTAG	31.6231193049375	4719	21.6242510273231
ATCTCA	29.2815813002938	7829	25.7904578403331
ATCTCC	45.8909962484369	7197	38.7538287950823
ATCTCG	37.6177802944508	883	11.1271744397999
ATCTCT	36.8712930011862	10116	36.9151091699453
ATCTGA	40.1778125698949	8942	37.8194318503618
ATCTGC	39.3883328120113	6394	31.3520031339707
ATCTGG	31.0119047619048	6552	24.9877277222105
ATCTGT	27.2052810902896	8218	24.5497834156431
ATCTTA	26.6207757022672	7013	22.1913643900026
ATCTTC	32.0135346173868	7684	27.9343573438526
ATCTTG	33.5392550143267	6980	27.8928249998427
ATGAAA	-0.622781424750789	12339	-0.688631701666985
ATGAAC	-0.787152549792075	4569	-0.529640107069851
ATGAAG	3.41189779079053	7514	2.94403512417495
ATGACA	9.922023637936	6938	8.22675917414033
ATGACC	9.0348637015782	3485	5.30926466790708
ATGACG	13.8698324022346	895	4.13041900176204
ATGACT	27.8490695641314	8007	24.8060139347643
ATGAGA	8.83990995762712	7552	7.64698452079764
ATGAGC	7.04621635347893	3938	4.40154563545672
ATGAGG	5.11736049601417	5645	3.82727231974596
ATGAGT	23.8371796793047	6673	19.3832595688629
ATGATA	16.2293221146214	6299	12.8217576355931
ATGATC	17.1337050805452	4035	10.8338903507411
ATGATG	9.96798179059182	6590	8.05492168560904
ATGCAA	6.91059602649007	6342	5.47822674749466
ATGCAC	1.90466278101582	3603	1.13805068748849
ATGCAG	11.5553481577666	6161	9.02859180867873
ATGCAT	5.39631176061239	2874	2.87973014861263
ATGCCA	9.68323135439061	6047	7.49551834879675
ATGCCC	3.52219659844336	3469	2.0650335995209
ATGCCG	12.0884057971015	690	3.16085777505417
ATGCCT	8.93804190751446	5536	6.61990575179705
ATGCGA	16.6574394463668	578	3.98642448335301
ATGCGC	9.06548856548859	481	1.97913369014761
ATGCGG	13.3265460030166	663	3.41574739733012
ATGCGT	8.73242467718796	697	2.29489392543181
ATGCTA	5.92425618896207	4403	3.91308744158669
ATGCTC	2.63134249471459	3784	1.61125516430697
ATGCTG	9.88308609879187	6539	7.95535613959026
ATGGAA	1.46186520672079	10594	1.49778229693291
ATGGAC	-4.62511878365536	3157	-2.58685187205629
ATGGAG	4.16796346414074	5912	3.19008676359189
ATGGAT	-1.59800664451827	4816	-1.10390880907829
ATGGCA	7.84265734265735	5720	5.90435734278951
ATGGCC	4.18707093821511	3496	2.46437849262126
ATGGCG	10.1808510638298	705	2.69085330134545
ATGGCT	6.88911364472232	5438	5.05701602384463
ATGGGA	0.651610644257706	5712	0.490222960623422
ATGGGC	5.99939430648092	3302	3.43168423945458
ATGGGG	-0.740207113912649	4442	-0.491081881202373
ATGGGT	1.27630441049294	3469	0.748286308620436
ATGGTA	6.42556075918167	4057	4.07403651780727
ATGGTC	-1.19650349650349	2860	-0.636954437704105
ATGGTG	4.74609943831912	4807	3.27555784485018
ATGTAA	-1.45307958477509	7225	-1.22947501036253
ATGTAC	-6.03726980415083	3421	-3.51502566985975
ATGTAG	2.3317136762266	4219	1.50761816574293
ATGTCA	4.52221511906664	6257	3.5607843638064
ATGTCC	-0.793429844097992	3592	-0.473356205696293
ATGTCG	-7.48021582733813	556	-1.75575091594017
ATGTCT	0.143995400032859	6087	0.111830855857937
ATGTGA	7.98064104382357	7051	6.67074767948845
ATGTGC	1.83122214403003	4263	1.19017295359537
ATGTGG	12.0557894736842	6175	9.43030014305578
ATGTGT	2.1464731454214	7131	1.8043137414885
ATGTTA	-0.0882713213902897	6531	-0.0710102184743472
ATGTTC	-3.62208504801096	5103	-2.57562603715003
ATGTTG	2.48506319417848	5222	1.78758725651327
ATTAAA	-10.2187372874461	12291	-11.2772244036126
ATTAAC	-5.00943396226415	4664	-3.40548761954972
ATTAAG	-3.72456554749451	5927	-2.8543318551371
ATTAAT	-13.1910371629827	4117	-8.4252104248147
ATTACA	2.84809937144568	6682	2.31750005265436
ATTACC	-0.772104607721044	3212	-0.435587382884354
ATTACG	11.2534039334342	661	2.88002340194728
ATTACT	4.44526484751204	6230	3.49263372792105
ATTAGA	6.0735061650332	6326	4.80856454065153
ATTAGC	3.40086705202312	3460	1.99131095571485
ATTAGG	2.04807453416149	4025	1.29342150963306
ATTAGT	1.14671181996942	4577	0.772246812507641
ATTATA	-11.7622373058348	7661	-10.2481163488084
ATTATC	22.3865690246183	6418	17.8524889926661
ATTATG	-0.117677463818054	5804	-0.0892418122245455
ATTCAA	-3.28242624618515	7864	-2.89753111337742
ATTCAC	5.21707130567769	5231	3.75604262089713
ATTCAG	3.83284690899443	7538	3.3125383790606
ATTCAT	4.60735652559273	9026	4.35723379826021
ATTCCA	11.0078147200909	10557	11.2585575182365
ATTCCC	3.09843290891283	5105	2.20369430337148
ATTCCG	5.34375	960	1.648136311002
ATTCCT	13.0025686843869	8954	12.2475460389174
ATTCGA	-0.0522546419098122	1885	-0.0225835354832308
ATTCGC	10.8458333333333	480	2.36534734178687
ATTCGG	-4.1928895612708	661	-1.07306377071948
ATTCGT	3.71058558558559	888	1.10067807373817
ATTCTA	-3.44246966452534	7005	-2.86804242176707
ATTCTC	-0.769946808510635	6768	-0.630524951246783
ATTCTG	5.27639605818865	8524	4.84920435829947
ATTGAA	-4.56384230656075	6798	-3.74569653400751
ATTGAC	0.461006289308178	3180	0.258780644045568
ATTGAG	3.93548387096774	4526	2.63552287927344
ATTGAT	-1.45718402634829	4858	-1.01100786972977
ATTGCA	9.48057371096586	5508	7.00394882259182
ATTGCC	7.05087719298246	3705	4.2721710797125
ATTGCG	11.4170124481328	482	2.49509664806837
ATTGCT	9.88269578065999	6091	7.67769941828814
ATTGGA	4.24054871462519	4629	2.87195100164672
ATTGGC	4.80188679245283	3233	2.71785415791309
ATTGGG	0.326315789473688	3230	0.184608089907838
ATTGGT	-0.598563218390802	3480	-0.351488424496874
ATTGTA	-1.4433631763332	5138	-1.02987389584759
ATTGTC	2.4030273197145	4063	1.52473194190076
ATTGTG	9.39508608321378	5576	6.98350623670074
ATTTAA	-11.473728206353	12561	-12.8005327426258
ATTTAC	-6.94157480314961	6350	-5.50625410776238
ATTTAG	-0.464496190886873	6957	-0.385659947377207
ATTTCA	-1.24230511876882	11956	-1.35217408097146
ATTTCC	4.88395939086294	9850	4.82504689390304
ATTTCG	-3.89611178614823	823	-1.11260935112059
ATTTCT	-2.81701398801028	14012	-3.31933012081137
ATTTGA	1.2677091963546	9656	1.24002273708332
ATTTGC	2.82310302282542	6484	2.26287002288457
ATTTGG	-0.976229065370066	7404	-0.836173342406234
ATTTGT	-2.9241469816273	9525	-2.84081576764509
ATTTTA	-8.40239715892276	16895	-10.8716054518898
ATTTTC	-5.46937305738761	13191	-6.25299074923585
ATTTTG	-6.37448300665347	11122	-6.69187457053756
CAAAAG	0.76561096136568	8904	0.719137767317134
CAAACG	2.18536371603856	1141	0.734814858405698
CAAAGG	5.15528781793843	7470	4.43531630263282
CAAATG	-0.697178404798931	9002	-0.658453043937048
CAACAG	9.56003244997296	5547	7.08761026463512
CAACCG	16.0476603119584	577	3.83716971849453
CAACGG	4.90746500777606	643	1.23872264543539
CAACTG	6.49715620556571	4923	4.53784445351498
CAAGAG	6.58764621054318	6241	5.1804649263046
CAAGCG	1.28115942028986	690	0.334995596828665
CAAGGG	3.2947681837516	4702	2.24893837425682
CAAGTG	4.56574864235842	5156	3.26347155804405
CAATAG	1.45365040896698	3301	0.831369554202451
CAATCG	15.1125211505922	591	3.65714383314376
CAATGG	5.55040733197557	3928	3.4627566727173
CAATTG	-3.22649572649573	1638	-1.29986850742539
CACAAG	8.60522228693458	5151	6.14779315927616
CACACG	3.52552204176334	1293	1.26192654444894
CACAGG	6.52602796621903	7223	5.52101741524245
CACCAG	11.0123718628491	5658	8.24562763843025
CACCCG	-2.75711662075298	1089	-0.905691840774216
CACCGG	4.06674473067916	854	1.18300676201546
CACGAG	7.57356076759062	938	2.30894140967456
CACGCG	4.44054054054055	370	0.850252818951149
CACGGG	5.22105263157895	1140	1.75477676770426
CACGTG	8.46153846153847	858	2.4671999970579
CACTAG	10.9591426657736	2986	5.96118858795549
CACTCG	4.79761904761905	840	1.38412968264874
CACTGG	7.74857430392486	5962	5.95564999448083
CAGAAG	5.93129102844638	9140	5.64460701120572
CAGACG	10.198955365622	1053	3.2944373712447
CAGAGG	4.87150741635047	8697	4.52230117675029
CAGCAG	9.86548168832564	9311	9.47606077035607
CAGCCG	4.65121630506246	1521	1.80568721458091
CAGCGG	0.120084269662922	1424	0.0451078881435003
CAGCTG	12.6810829027185	4451	8.42163700002354
CAGGAG	7.18297793664489	8113	6.44030817864213
CAGGCG	3.84074074074074	1350	1.4047312875296
CAGGGG	-1.39446107784431	5344	-1.01473116894744
CAGGTG	-8.6741986860442	5023	-6.11959010562545
CAGTAG	5.58696717295444	4082	3.553235552568
CAGTCG	1.29437869822485	676	0.335000985106713
CAGTGG	6.98993491751173	6607	5.65570390451687
CATAAG	2.07116004296456	3724	1.25814261946339
CATACG	-7.24740484429066	578	-1.73443416709242
CATAGG	-3.33175033921302	2948	-1.80072572655199
CATATG	-4.7626215840667	2159	-2.20284417002033
CATCAG	23.5111408199644	6732	19.2024717750412
CATCCG	10.8460591133005	812	3.07653146243649
CATCGG	3.78413793103449	725	1.01425542735431
CATCTG	22.5397301349326	8004	20.0730622329069
CATGAG	10.6180880974696	5335	7.72013536421199
CATGCG	14.4700272479564	734	3.90237281852956
CATGGG	-0.287871581450652	4205	-0.185820306800794
CATGTG	2.85098176718093	5704	2.14336224979314
CATTAG	2.12686921433658	4213	1.37419351172812
CATTCG	0.156663275686676	1966	0.0691465217464271
CATTGG	4.41157778391821	3619	2.64179802789105
CCAAGG	3.93688981868898	5736	2.96803631790231
CCACGG	-1.85190615835777	1364	-0.680828206503579
CCAGGG	1.28140293637847	7356	1.09400159258215
CCATGG	-2.52668475802804	2211	-1.18265156517293
CCCGGG	-7.48272357723577	984	-2.33651530600315
CCGCGG	-2.72003577817531	559	-0.640164960960016
CCGGGG	-8.54561200923787	1732	-3.54020567448706
CCTAGG	-2.75136281041793	1651	-1.11284013029762
CCTCGG	-3.96926635822869	1513	-1.53688398956406
CCTGGG	0.450988717699869	8243	0.407586420596399
CGAACG	7.19714285714286	175	0.947742871559422
CGAAGG	-6.68201754385965	912	-2.00870615259656
CGACCG	-7.09162303664921	191	-0.975604297782812
CGACGG	-8.96694214876033	242	-1.38855609765922
CGAGCG	-4.01396648044693	358	-0.756008422492325
CGAGGG	-6.47063758389261	1192	-2.22380438745913
CGATCG	36.3732394366197	71	3.05086179849931
CGATGG	7.85487959442332	789	2.19628862817525
CGCAGG	2.94820971867008	1564	1.16061486041665
CGCCGG	-12.9016973125884	707	-3.41482093021167
CGCGCG	-7.32372881355932	295	-1.25214505215587
CGCGGG	-1.94736842105263	912	-0.585405665738674
CGCTGG	-3.55829285218598	1441	-1.34457507943269
CGGAGG	-4.8436866981769	1481	-1.85551706326676
CGGCCG	-5.51546391752577	388	-1.08145708359274
CGGCGG	-16.4356597600872	917	-4.95431013056441
CGGGCG	-4.57335907335907	777	-1.26898704798004
CGGGGG	-6.64738202973497	1547	-2.6025984969
CGGTGG	-3.65294117647059	1190	-1.25437542960728
CGTACG	8.04098360655738	61	0.625151781729687
CGTAGG	2.42943201376937	581	0.582913609893299
CGTCCG	-3.75448028673835	279	-0.624256839212712
CGTCGG	-10.1294820717131	251	-1.59748018506325
CGTGCG	2.1047197640118	339	0.385749620454999
CGTGGG	-3.63923182441701	1458	-1.38324740051166
CGTTGG	2.17297297297297	740	0.588412057624689
CTAAAG	2.98598981077147	5496	2.2035507770434
CTAACG	-5.49655172413793	580	-1.31769741822018
CTAAGG	4.91005291005292	3780	3.0049929057014
CTACAG	8.856988316746	4622	5.99394041616265
CTACCG	8.202	500	1.82564421871225
CTACGG	0.962998102466797	527	0.220060511487188
CTAGAG	8.30139534883722	4300	5.41871992279302
CTAGCG	5.70622568093385	514	1.2877806126356
CTAGGG	-0.250164365548978	3042	-0.137346131318743
CTATAG	0.269016050244245	1433	0.101370751539354
CTATCG	25.4492900608519	493	5.62484436520921
CTATGG	5.48276433543255	3017	2.99777209939392
CTCACG	9.79596853490659	1017	3.10970532280944
CTCAGG	8.0995484690278	7087	6.7873993748688
CTCCCG	1.90581465778316	1651	0.770842370937029
CTCCGG	-2.96415373244641	1353	-1.08532798522425
CTCGAG	3.88313253012049	415	0.787440305464455
CTCGCG	2.72361809045226	398	0.5408777611274
CTCGGG	-1.30245133381399	1387	-0.482848753340378
CTCTCG	1.85816618911175	1047	0.598507054018216
CTCTGG	7.05577443979315	8122	6.32976461782315
CTGACG	14.2941495124594	923	4.32285382123814
CTGAGG	5.87831193662934	7322	5.00701473911821
CTGCAG	8.49648891814792	4557	5.70939892161223
CTGCCG	5.11022805805115	1447	1.93502208801342
CTGCGG	4.88813857897828	1703	2.00799308434667
CTGGAG	7.35363182868963	8219	6.63625020449526
CTGGCG	7.21357615894041	1208	2.49571774841764
CTGGGG	-0.419269057684438	7333	-0.357392170424946
CTGTCG	6.87131882202305	781	1.91151185509655
CTGTGG	14.0745084103293	8442	12.8726300428539
CTTAAG	0.382022471910115	2314	0.182928750017842
CTTACG	1.38085106382979	705	0.364966309837659
CTTAGG	1.11824953445065	3759	0.68247424691883
CTTCAG	5.29415073115861	8001	4.71389404227478
CTTCCG	10.7787401574803	1270	3.8236773819634
CTTCGG	2.37138263665595	933	0.721030832980622
CTTGAG	9.28495020287718	5422	6.80566730145532
CTTGCG	4.66715976331361	676	1.20791783772763
CTTGGG	2.94470673688034	5507	2.17525896514869
CTTTCG	4.80827067669173	931	1.4604111074881
CTTTGG	3.96586402266289	7060	3.31704641890318
GAAAAC	-1.57743132027356	8627	-1.45845064774531
GAAAAG	-2.22533849129594	11374	-2.36245786196142
GAAACC	6.67771989581247	4991	4.69605702691505
GAAACG	1.40322580645161	1426	0.527471142766705
GAAAGC	2.47882066128295	6563	1.99897650010371
GAAAGG	-0.389798339264528	8430	-0.356258430976194
GAAATC	12.3954599761051	6696	10.0967533917776
GAAATG	4.29479603507434	10492	4.37908185819555
GAACAC	-3.28293182983085	3902	-2.04134719462867
GAACAG	2.31411053847521	5627	1.72796100210834
GAACCC	-4.05670895809304	2601	-2.05946969755048
GAACCG	-3.11787365177195	649	-0.790664499148712
GAACGC	8.87155963302752	654	2.25839669396484
GAACGG	-2.67196702002355	849	-0.774990390599486
GAACTC	0.988815244407624	3621	0.592298720860184
GAACTG	5.59495377503852	5192	4.01305603359888
GAAGAC	-3.49489795918368	4704	-2.38604997592505
GAAGAG	0.66718113347327	8099	0.597682906556491
GAAGCC	1.95974329054843	5142	1.39886756825983
GAAGCG	5.44011406844107	1052	1.75641547601485
GAAGGC	3.24080845013204	4923	2.26349562563051
GAAGGG	-1.59438735177865	6325	-1.26222124140283
GAAGTC	3.48215092634433	4426	2.30602852242905
GAAGTG	4.01383874849579	5817	3.04733943753691
GAATAC	-4.05159705159705	3256	-2.30133489981632
GAATAG	-2.48758217677136	4107	-1.58690587138863
GAATCC	2.05564670494941	3657	1.23743482933154
GAATCG	3.7491103202847	1124	1.25118853086262
GAATGC	13.5010431879825	4793	9.30427247280041
GAATGG	0.865701881331407	6910	0.716339276730026
GAATTC	5.00772930264514	2911	2.68951100979165
GAATTG	-2.26162423732379	4753	-1.55208583712685
GACAAC	-1.03834698436336	2686	-0.535681797384316
GACAAG	5.10662663998221	4497	3.40884244933944
GACACC	-1.34338209061719	2803	-0.707982433581729
GACACG	0.511446409989597	961	0.1578240585688
GACAGC	4.21550295857989	4225	2.72755887782542
GACAGG	2.27926701570681	4775	1.56780943151262
GACATG	-1.13149924280666	3962	-0.708961876744859
GACCAC	5.13131313131314	2970	2.78367238699288
GACCAG	2.43331562167907	3764	1.4860541357793
GACCCC	-16.301996672213	2404	-7.95645133674317
GACCCG	-10.7591093117409	741	-2.91539096139333
GACCGC	3.78833333333333	600	0.923709030825875
GACCGG	-5.75461254612546	542	-1.33360467901457
GACCTG	2.49506578947369	3648	1.50010201845536
GACGAC	9.30125523012553	478	2.02426277672952
GACGAG	5.9392523364486	749	1.61802066912649
GACGCC	2.35693641618497	692	0.617180637767523
GACGCG	0.423529411764709	340	0.0777381878588467
GACGGC	2.58100147275405	679	0.669475238397756
GACGGG	-5.84264884568651	823	-1.66848029467125
GACGTC	10.7464985994398	357	2.02121481830387
GACGTG	4.91683569979716	986	1.53686433655128
GACTAC	1.90997375328084	1905	0.829824529424502
GACTAG	5.66185216652507	2354	2.73446981623972
GACTCC	-1.95704162976085	3387	-1.13375454578238
GACTCG	4.0884907709012	921	1.2351059557548
GACTGC	7.26349537727409	3353	4.18671906680804
GACTGG	4.7795776337893	4167	3.07123217895418
GACTTG	4.66798810703667	4036	2.95200234912845
GAGAAC	-0.485178727114209	4588	-0.327133360100962
GAGAAG	-0.469955105329802	8687	-0.436016236274042
GAGACC	-6.76750229287679	3271	-3.85283191483848
GAGACG	0.418309859154931	1065	0.13588899401119
GAGAGC	1.48724153101628	4546	0.998177093519909
GAGAGG	-1.69344033496162	7165	-1.42688632631128
GAGATG	26.0800677966102	7375	22.2946730297788
GAGCAC	-2.63933192897984	3323	-1.51450447647622
GAGCAG	3.4815097799511	6544	2.80350053882068
GAGCCC	-3.2496281606346	4034	-2.0545324053066
GAGCCG	1.31494352736751	1151	0.44407481398437
GAGCGC	0.0491525423728846	885	0.0145555627434905
GAGCGG	0.9747572815534	1030	0.311405643971121
GAGCTC	4.13982642237223	2074	1.87671310728304
GAGCTG	5.85035611456282	6599	4.73077993242257
GAGGAC	-3.80132625994695	3770	-2.32336370147852
GAGGAG	2.72164479667403	7697	2.37685980799905
GAGGCC	0.355952126522763	4679	0.24237035195605
GAGGCG	1.28180473372781	1352	0.469160668019812
GAGGGC	2.91862037871957	4436	1.93501688190626
GAGGGG	-8.47925082629452	5446	-6.2288472381997
GAGGTC	4.92643923240939	3283	2.80982938869188
GAGGTG	-2.283984375	5120	-1.62681994434445
GAGTAC	2.82241014799155	1892	1.22205870814575
GAGTAG	0.259874608150472	3190	0.146106846784953
GAGTCC	1.93755588673621	3355	1.11715100216834
GAGTCG	4.18299711815562	694	1.09692940768605
GAGTGC	2.87530605106681	2859	1.53039146538916
GAGTGG	2.34822184589331	4724	1.60659143594832
GAGTTG	3.25963945918879	3994	2.05061899433477
GATAAC	51.2866483138335	4359	33.706148633658
GATAAG	66.8864557988646	7398	57.2673024816472
GATACC	20.893795777682	2321	10.0199670819373
GATACG	29.512213740458	655	7.51854522931346
GATAGC	42.423268206039	2815	22.405503162055
GATAGG	32.7452219935313	3401	19.0091472159533
GATATC	34.1343537414965	1764	14.2709325774692
GATATG	32.0648554913295	4325	20.9910286783369
GATCAC	20.5553410553411	3108	11.4071347329749
GATCAG	42.5105831085288	4819	29.3756107192121
GATCCC	11.3591291620929	2733	5.91120788365094
GATCCG	21.6933085501859	538	5.00873794637132
GATCGC	47.3580375782881	479	10.3174609445022
GATCGG	32.6205533596838	506	7.30428922466658
GATCTC	40.9201428900668	4339	26.8314007395239
GATCTG	42.7749733380732	5626	31.9375053703636
GATGAC	25.4317602040817	4704	17.3628676806503
GATGAG	18.8525529697812	5758	14.2402423028926
GATGCC	15.2213114754098	3538	9.01243958479855
GATGCG	11.7529914529915	585	2.82968265313685
GATGGC	22.8381037567084	3913	14.2208758407482
GATGGG	8.63093980992608	4735	5.91193238950657
GATGTC	8.7465671641791	3350	5.03931397539478
GATGTG	18.2046405477368	5258	13.140254543193
GATTAC	29.0019811033222	3281	16.5364453333987
GATTAG	34.8554446029481	4206	22.5017678648443
GATTCC	13.380981595092	5705	10.0606763209918
GATTCG	9.34656084656083	567	2.2154132362177
GATTGC	37.4117471675611	3354	21.5675542387655
GATTGG	24.6695689409078	3503	14.534262804784
GATTTG	16.1761736901138	6241	12.7207955262272
GCAAAG	4.62940114354499	6646	3.75678518114755
GCAACG	13.5962099125364	686	3.54479641649367
GCAAGC	9.07102977667493	3224	5.12702562676768
GCAAGG	1.37735849056604	4346	0.903864294216299
GCAATG	7.95024356297842	4311	5.19613976770327
GCACAG	5.3397414086424	5878	4.07517624090992
GCACCG	0.190092165898621	868	0.0557487919290903
GCACGC	2.06474820143885	834	0.593555728622302
GCACGG	8.20472008781559	911	2.46509883710414
GCACTG	9.94622564935065	4928	6.95032377768385
GCAGAG	7.03429380618151	8121	6.31010575849682
GCAGCG	2.09845288326301	1422	0.787699191453496
GCAGGC	6.23019057171514	4985	4.37870101292007
GCAGGG	0.244655224330024	6642	0.198479340752478
GCAGTG	8.39204844655082	5697	6.30525232777417
GCATAG	5.83743842364532	2842	3.09774545393448
GCATCG	16.375	576	3.91204578950902
GCATGC	9.24391005621486	1601	3.68182172632386
GCATGG	-0.298137496576278	3651	-0.179322132963331
GCATTG	7.12944297082228	3770	4.35750258658431
GCCAAG	9.18883878241263	5322	6.67282055679212
GCCACG	0.381419939577041	1324	0.138152505201538
GCCAGG	3.32162985529323	6565	2.6790448218158
GCCATG	3.87242549067119	4127	2.4763480452507
GCCCAG	6.26608009708738	6592	5.06425913824829
GCCCCG	-5.002200220022	1818	-2.12309481405446
GCCCGG	-2.91141732283464	1524	-1.13137954950554
GCCCTG	6.44193450576107	6596	5.20796440945595
GCCGAG	2.8542562338779	1163	0.968933997951265
GCCGCG	-3.24807480748075	909	-0.97480858152716
GCCGGC	3.72286541244573	691	0.974154270716216
GCCGGG	-7.35040745052386	1718	-3.03273436577859
GCCGTG	1.57766059443912	1043	0.507185829974176
GCCTAG	4.22342814371257	2672	2.17317507646766
GCCTCG	4.24485596707819	1215	1.47286342196107
GCCTGG	6.77311355311355	6825	5.56994701203744
GCCTTG	7.00316990701606	4732	4.79543943271257
GCGAAG	0.387850467289722	749	0.105661459903619
GCGACG	0.0592105263157914	304	0.0102765441496429
GCGAGG	-3.1034632034632	1155	-1.04990250442998
GCGATG	15.0937904269081	773	4.17733631690262
GCGCAG	-4.89755884917174	1147	-1.6510976193775
GCGCCG	-2.83846153846154	780	-0.78911753557617
GCGCGC	-13.6569620253165	395	-2.70186738402114
GCGCGG	-3.08303886925794	849	-0.894219681460944
GCGCTG	9.83056603773586	1325	3.56203221716265
GCGGAG	3.48475609756098	1312	1.25646583281275
GCGGCG	-14.3255033557047	1043	-4.6053582975139
GCGGGC	-4.58812546676624	1339	-1.6712328098575
GCGGGG	-0.755601280292637	2187	-0.351745423584503
GCGGTG	2.02618243243244	1184	0.694010076059675
GCGTAG	7.46683673469388	392	1.47160436722626
GCGTCG	1.00965250965251	259	0.161745866268868
GCGTGG	-0.404442581726737	1193	-0.139055597313407
GCGTTG	0.891640866873072	646	0.225588836072735
GCTAAG	7.03824282058574	3517	4.15491180156834
GCTACG	3.93128964059197	473	0.851092946740459
GCTAGC	5.08071748878924	892	1.51049347334424
GCTAGG	0.913070283600496	2433	0.44831848106627
GCTATG	4.71001615508886	3095	2.60833940527535
GCTCAG	6.58040935672515	6156	5.13941391306014
GCTCCG	1.72989439480098	1231	0.604171169121935
GCTCGC	-0.368035190615834	682	-0.0956737756548536
GCTCGG	0.457173447537475	934	0.139080363148953
GCTCTG	6.74653506929861	7143	5.67587060809468
GCTGAG	9.66349206349206	6930	8.0077792173146
GCTGCG	1.41811242192922	1441	0.53586332029658
GCTGGC	8.16367538041358	5126	5.81817000645016
GCTGGG	1.80849436952593	7193	1.52680498841517
GCTGTG	6.91917293233083	6916	5.7278687323562
GCTTAG	9.25813382443216	3258	5.26029830547837
GCTTCG	2.23015873015873	756	0.610390901813753
GCTTGG	4.02693370165746	4344	2.64198755119685
GCTTTG	3.57286892758937	6546	2.87750749667598
GGAAAG	2.62654858195966	9767	2.58391016882037
GGAACC	-1.65641361256544	3056	-0.911500360903764
GGAACG	1.74262295081967	915	0.52471726670314
GGAAGC	5.26849405548217	6056	4.0812275220846
GGAAGG	2.19088729016787	8340	1.99165651068512
GGAATG	17.4933196300103	7784	15.3633181483774
GGACAG	0.664375823762006	5311	0.481962612845396
GGACCC	-13.5811238622873	2527	-6.7959427259112
GGACCG	-7.68296529968454	634	-1.92568336915613
GGACGC	-4.73279098873592	799	-1.33168679760031
GGACGG	-0.869662921348314	890	-0.258260112836347
GGACTG	1.36338797814208	4209	0.880481635515706
GGAGAG	1.2377468910022	8202	1.11584303177778
GGAGCC	2.87769384581204	4501	1.921810109273
GGAGCG	-2.69430485762144	1194	-0.926745053330841
GGAGGC	1.5037668161435	5575	1.11767184764179
GGAGGG	-3.36949494949495	7425	-2.890176848398
GGAGTG	2.26617455492836	4606	1.53097008525196
GGATAG	3.65972222222223	2592	1.8547142161591
GGATCC	3.57023411371238	1196	1.22906164020092
GGATCG	5.37576374745418	491	1.18574772301877
GGATGC	-1.16129573682444	2979	-0.630942035306555
GGATGG	-4.10633280934201	4453	-2.72767027976173
GGATTG	5.16145139813582	3004	2.81600346907834
GGCAAG	6.61705326460481	4656	4.494511494483
GGCACG	8.60180275715801	943	2.62940028232628
GGCAGC	6.80090655509066	5736	5.12722950851869
GGCAGG	3.52040272036272	7499	3.03462760260723
GGCATG	8.60685335298453	4071	5.46646200189191
GGCCAG	6.2839709762533	6064	4.87107869488012
GGCCCG	-3.85344827586207	1276	-1.37020721548183
GGCCGC	-3.4193302891933	1314	-1.23381519665274
GGCCGG	-1.2063339731286	1563	-0.474742843623511
GGCCTG	5.6	5790	4.24168768152887
GGCGAG	2.73220973782772	1068	0.888814314327172
GGCGCC	8.19298245614035	570	1.94711154483549
GGCGCG	-4.40027322404371	732	-1.18507698351683
GGCGGC	-6.53252032520325	1476	-2.49824672915614
GGCGGG	-1.15468227424749	2392	-0.562152913259906
GGCGTG	1.09172154280339	1063	0.354315287940367
GGCTAG	5.28304657994126	2383	2.56718898146682
GGCTCG	1.68297331639136	787	0.46997631913006
GGCTGC	2.25900228350606	5693	1.69667492272493
GGCTGG	2.31563380281691	7100	1.94227372039215
GGCTTG	6.74447681476086	4119	4.30879211289
GGGAAG	2.27903057073114	8603	2.10419745667713
GGGACG	2.5821052631579	950	0.792222412348241
GGGAGC	-1.16391798529084	4487	-0.776089473582069
GGGAGG	0.0915609813914916	8437	0.0837174213141041
GGGATG	-2.66004566210046	4380	-1.75241727646511
GGGCAG	4.19267404398376	7139	3.52631553090387
GGGCCC	0.158589122240174	1857	0.0680284735708692
GGGCCG	-7.24141709276844	1369	-2.6670838274051
GGGCGC	1.37383573243015	1181	0.46997108173193
GGGCGG	3.62449438202248	2225	1.70185994822576
GGGCTG	3.32221246707639	6834	2.73385999511671
GGGGAG	-1.79062681369703	6892	-1.47975254984835
GGGGCC	-1.80541742999214	3821	-1.1109065537057
GGGGCG	-1.27995758218451	1886	-0.553321824938588
GGGGGC	-8.12222222222223	3510	-4.79004733188201
GGGGGG	-14.5011834319527	2535	-7.26781404835377
GGGGTG	-4.63962822137727	4734	-3.17766922036135
GGGTAG	-1.40925017519271	2854	-0.749422039470855
GGGTCG	-22.7418524871355	583	-5.4660235017052
GGGTGC	-5.76884139482564	2667	-2.96559257589573
GGGTGG	-4.39550219817382	5914	-3.36480995903144
GGGTTG	0.931298904538343	3195	0.52400556881848
GGTAAG	-2.63046272493573	3112	-1.4607077222273
GGTACC	-3.05742296918768	714	-0.813234901445043
GGTACG	-1.06880733944954	327	-0.192390969359075
GGTAGC	1.34347399411188	2038	0.603729966755381
GGTAGG	-6.43727977448907	2838	-3.41365761080444
GGTATG	5.93561442236939	2718	3.08036220910579
GGTCAG	7.49657377798081	4378	4.93755648776701
GGTCCC	-11.2981927710843	2656	-5.79608031645096
GGTCCG	-12.891621129326	549	-3.00680376159827
GGTCGC	-9.31889763779528	508	-2.0907773014525
GGTCGG	-7.0856	625	-1.763307356625
GGTCTG	4.06793618116315	3886	2.52427640691357
GGTGAG	5.15074925074925	5005	3.62730294103067
GGTGCC	-3.37376993552765	2947	-1.82312694927294
GGTGCG	-4.83643410852713	645	-1.22269042642422
GGTGGC	1.56123973114265	4017	0.984990155185642
GGTGGG	-10.0842159207379	5854	-7.68032988530692
GGTGTG	4.58364398881641	4292	2.98918032050666
GGTTAG	8.65627266134881	2758	4.52521728868503
GGTTCG	-1.87531486146096	397	-0.371946800962853
GGTTGC	3.78601165695254	2402	1.84705499887766
GGTTGG	1.27491408934708	3492	0.749945005631602
GGTTTG	7.45907435183201	4667	5.07242011062923
GTAAAC	4.4281798245614	3648	2.66234322194328
GTAAAG	1.21774891774892	4620	0.823929626157496
GTAACC	6.62518124697922	2069	2.99977988264622
GTAACG	0.282700421940933	474	0.061267055218132
GTAAGC	6.52099400171381	2334	3.13599676246988
GTAAGG	-1.4993134225884	2913	-0.80551577588256
GTAATG	4.11757251478457	3551	2.44246287656152
GTACAC	-2.31343644272595	2069	-1.04748833910531
GTACAG	4.2554364954302	3173	2.38611037442537
GTACCC	-9.57265521796564	1514	-3.70771832743509
GTACCG	11.7405797101449	345	2.17075329067666
GTACGC	0.0887096774193564	248	0.0139061919416803
GTACGG	-0.859477124183002	306	-0.149660232070611
GTACTG	4.5247003269161	2753	2.3632208287666
GTAGAC	-6.0721177038109	2073	-2.75201762897591
GTAGAG	2.12888637648389	3538	1.26049978557746
GTAGCC	1.72290874524715	2104	0.786677125556132
GTAGCG	8.57512953367876	386	1.67704887841536
GTAGGC	-1.14997470915528	1977	-0.508982678633257
GTAGGG	-4.43178170144463	2492	-2.20223549428538
GTAGTG	6.63632585203658	2406	3.24031247544315
GTATAC	-15.1217038539554	986	-4.72661865882416
GTATAG	-9.30410022779044	2195	-4.33913359450664
GTATCC	-1.56048587010411	2017	-0.697628426696693
GTATCG	9.40384615384615	364	1.78594296924596
GTATGC	6.43058998512643	2017	2.87484972469245
GTATGG	-9.86744596382884	2267	-4.67672567390058
GTATTG	-8.7191150442478	2825	-4.61310153026534
GTCAAG	6.77052868391451	3556	4.01897067749593
GTCACC	13.0178952991453	3744	7.9290302251686
GTCACG	14.5322580645161	837	4.18511320153769
GTCAGC	14.5360450563204	3995	9.14568062460136
GTCAGG	8.85261324041812	4305	5.78188497861733
GTCATG	14.1169259783121	4242	9.15243911882215
GTCCAG	2.4937248995984	3984	1.56682172844479
GTCCCC	-9.35574412532636	3064	-5.15506440028892
GTCCCG	-8.4226457399103	892	-2.50404621916047
GTCCGC	-5.98648648648649	555	-1.40387964477395
GTCCGG	-1.78712871287128	606	-0.437928816633853
GTCCTG	-0.162529424352662	4673	-0.110596470334636
GTCGAC	-7.17857142857142	140	-0.845499632166617
GTCGAG	3.49340659340659	455	0.741764787531585
GTCGCC	-6.63058419243986	582	-1.5922991575321
GTCGCG	-2.42910447761194	268	-0.395844824072368
GTCGGC	-5.43749999999999	496	-1.20545634512412
GTCGGG	-7.59017496635262	743	-2.05947997340943
GTCGTG	-1.40718038528896	571	-0.334718106499243
GTCTAG	4.27155700858194	2447	2.10336464955779
GTCTCC	-0.662505887894489	4246	-0.429725490851813
GTCTCG	-1.56801736613603	691	-0.410299767666091
GTCTGC	4.39491525423729	3540	2.60293615130127
GTCTGG	5.74539007092199	4230	3.71964148112145
GTCTTG	3.35153987891551	3799	2.05631866293834
GTGAAG	1.79962406015038	5320	1.30661905099356
GTGACC	4.81916223819944	3199	2.71325146570888
GTGACG	12.7166874221669	803	3.58709722606741
GTGAGC	5.5114168618267	3416	3.20651717657142
GTGAGG	-1.31505999172528	4834	-0.910144329159211
GTGATG	10.7348008385744	4770	7.38013931413203
GTGCAC	-3.18130081300813	1230	-1.11062813554306
GTGCAG	5.29322718098228	4459	3.51844404921562
GTGCCC	-1.58426270136307	3228	-0.89599449166245
GTGCCG	-1.05196629213483	712	-0.279417240934076
GTGCGC	-3.41738382099828	581	-0.819961014837508
GTGCGG	-2.20064516129032	775	-0.609834867366462
GTGCTG	8.72649103549213	5466	6.42222977366499
GTGGAC	-3.85542635658914	2580	-1.9493671536531
GTGGAG	6.31448606426416	5633	4.71757989373678
GTGGCC	4.28703932723226	4043	2.71344308926089
GTGGCG	4.90458811261731	959	1.51190054592571
GTGGGC	-1.01392836839113	3518	-0.598641155998718
GTGGGG	-6.14597428958052	5912	-4.70402185605743
GTGGTG	9.38283261802576	4660	6.37585315913042
GTGTAG	4.26689309974973	2797	2.24630836666239
GTGTCC	-4.6812813699439	3387	-2.71196276693861
GTGTCG	2.91338582677165	508	0.653643938772645
GTGTGC	0.335950644980373	3566	0.199699752999961
GTGTGG	5.29663668361361	5114	3.77043905227922
GTGTTG	4.42498046366241	3839	2.72917756639405
GTTAAC	-2.36653116531165	1476	-0.905037940773948
GTTAAG	1.82273838630807	3681	1.10082587105692
GTTACC	1.8844773441005	2229	0.88564022559102
GTTACG	6.05823293172691	498	1.3457736414115
GTTAGC	0.0242630385487551	2205	0.0113412484412762
GTTAGG	-2.34654545454545	2750	-1.22491709937248
GTTATG	3.51256038647343	3105	1.94834553468831
GTTCAC	1.12721497826814	2991	0.613657909949044
GTTCAG	5.09708632311372	4599	3.4408447089436
GTTCCC	-1.53817603393425	3772	-0.940379734824448
GTTCCG	4.1761744966443	596	1.014876382011
GTTCGC	-9.00737463126843	339	-1.65085699517777
GTTCGG	-5.74890829694323	458	-1.22469938338041
GTTCTG	3.44246381927285	5666	2.57940209735458
GTTGAC	5.56463267763951	2491	2.76461553830247
GTTGAG	7.47694444444445	3600	4.46567160798194
GTTGCC	4.71355813136635	2847	2.50353680347318
GTTGCG	4.36907449209933	443	0.915382681598866
GTTGGC	9.11683910096326	2803	4.80471042330749
GTTGGG	-3.59496730167756	3517	-2.12223028513661
GTTGTG	7.53906464924347	3635	4.52460899106395
GTTTAG	1.12936010037641	3985	0.709672509348904
GTTTCC	4.41446640316206	6325	3.49478014694126
GTTTCG	-1.2923322683706	626	-0.321864244466536
GTTTGC	4.14325842696629	4272	2.69568426380928
GTTTGG	2.99814561780207	5123	2.13612311434394
GTTTTG	-2.15079155672823	7580	-1.86399311901489
TAAAAA	-10.9511416458088	19577	-15.252598763048
TAAAAC	-5.88958623895862	8604	-5.43808968012694
TAAAAG	-3.41236564345889	10327	-3.45186679537827
TAAACA	0.992236024844724	9016	0.937849867508349
TAAACC	1.4056875449964	4167	0.903258227511066
TAAACG	3.39349775784754	892	1.0088843212297
TAAAGA	5.0986895986896	9768	5.01617613976171
TAAAGC	0.207484288706915	5251	0.149664088320336
TAAAGG	1.5573051948052	6160	1.21667747405734
TAAATA	-10.1633454361226	11843	-11.0097873428661
TAAATC	5.54168002564925	6238	4.35687911707128
TAAATG	-5.09773964001675	9556	-4.9605188046927
TAACAA	0.736919277666309	6479	0.590452936444846
TAACAC	1.61641414141414	3960	1.01253865812843
TAACAG	7.17248667524353	5441	5.26648064134781
TAACCA	10.7581371545548	4885	7.48480930208211
TAACCC	1.96104629281144	2657	1.00622476549989
TAACCG	9.01540041067763	487	1.98043630873523
TAACGA	2.10220125786164	636	0.527732971262637
TAACGC	7.0746887966805	482	1.54611658548304
TAACGG	-0.526365348399244	531	-0.120738543003902
TAACTA	-0.638421426878405	4219	-0.412784704389181
TAACTC	5.63987261146497	3925	3.51722785753112
TAACTG	5.21803718612229	5217	3.75170746302939
TAAGAA	5.18944484647989	9673	5.0805750787986
TAAGAC	2.79815016322089	3676	1.68876860915536
TAAGAG	9.74077209617339	5906	7.45163343544211
TAAGCA	9.43620750087627	5706	7.09536506162139
TAAGCC	7.3623880597015	3350	4.24182245961356
TAAGCG	2.85972461273666	581	0.686157253161684
TAAGGA	10.2744311671305	6109	7.99381749220371
TAAGGC	10.9873035066505	3308	6.29050121960158
TAAGGG	8.61788154897495	3512	5.08380815207637
TAAGTA	-2.98872615147427	5189	-2.14308471154779
TAAGTC	4.35206587691419	3461	2.5486349791094
TAAGTG	-0.0806971589764233	4963	-0.0565902694630882
TAATAA	-14.0182506120632	8986	-13.2278239445498
TAATAC	-7.07406944791407	4003	-4.45526450911123
TAATAG	-4.88929279576999	4539	-3.27897055133899
TAATCA	18.8824207492795	6940	15.6584505424916
TAATCC	4.68202184262112	3571	2.78509324288292
TAATCG	12.8858520900322	622	3.1990403166951
TAATGA	2.23190271816882	6990	1.85748462673062
TAATGC	1.92582197273457	3741	1.17252300043131
TAATGG	-2.97277803629595	4298	-1.94002384669327
TAATTA	-18.5285927399304	4022	-11.697009639182
TAATTC	-5.63098360655737	6100	-4.37784679931355
TAATTG	-10.742672919109	5118	-7.65021909077733
TACAAA	-3.31201334816462	8091	-2.96554527014022
TACAAC	-5.68777892207346	2913	-3.05579579455299
TACAAG	-0.331678252234357	4028	-0.209542975353803
TACACA	1.25665921979722	5819	0.954230029367349
TACACC	-2.71037463976945	2082	-1.23106523401734
TACACG	5.53626220362623	717	1.47566442498755
TACAGA	7.64802532408803	6634	6.2008100814887
TACAGC	4.77417612101567	3702	2.89153213056879
TACAGG	1.243623112962	3842	0.767324109819154
TACATC	5.83955431754874	3590	3.4828783510928
TACATG	-5.25230162209557	4562	-3.53133303962752
TACCAA	-0.703784570596797	4122	-0.449785151435189
TACCAC	9.61489107729036	3351	5.54042348708528
TACCAG	4.51194444444445	3600	2.69479897196756
TACCCA	-0.104613297150609	3685	-0.0632145448555003
TACCCC	-7.95528068506184	2102	-3.63064045323061
TACCCG	-7.9602510460251	478	-1.73241562425906
TACCGA	3.93195266272189	507	0.88129973474801
TACCGC	9.7836185819071	409	1.96957510531378
TACCGG	11.1284987277354	393	2.1960601677052
TACCTC	4.47198538367844	3284	2.55101685881177
TACCTG	-14.0788288288288	3552	-8.3524596527312
TACGAA	-3.88535911602209	724	-1.04066710790047
TACGAC	9.22670807453417	322	1.64810962254553
TACGAG	6.11058601134215	529	1.39901405184068
TACGCA	10.0884615384615	520	2.29001324125902
TACGCC	-0.14285714285714	364	-0.0271308893954975
TACGCG	-0.127118644067791	118	-0.0137455345720528
TACGGA	5.44612794612795	594	1.32127263871724
TACGGC	7.06064073226545	437	1.46925173198558
TACGGG	-7.48717948717949	468	-1.61232485900295
TACGTA	-3.63178294573643	387	-0.711191809678542
TACGTC	0.730452674897122	486	0.160295598544844
TACGTG	3.77207392197126	974	1.17184737793885
TACTAA	-4.94583238700885	4403	-3.26681932456871
TACTAC	-5.72603019175847	2451	-2.82186782869631
TACTAG	-1.27677520596312	2549	-0.641668525495732
TACTCA	12.5741752879173	5123	8.95886654632318
TACTCC	-0.266714082503554	2812	-0.140787787600002
TACTCG	1.05707762557078	438	0.220219268059136
TACTGA	7.47832369942197	5536	5.53877444118748
TACTGC	3.61880290205562	3308	2.07185357673061
TACTGG	5.3888578609327	3581	3.21003869935896
TACTTC	-0.434656027604052	4637	-0.294629096260794
TACTTG	-0.172036823935556	4345	-0.112882777217664
TAGAAA	-3.43816938169381	11111	-3.60757377593701
TAGAAC	-2.08659680088251	3626	-1.25073071767224
TAGAAG	-0.427964661909613	5886	-0.326835647023865
TAGACA	-0.874336487422107	4333	-0.572907260515756
TAGACC	-2.31908757210278	1907	-1.00810060211361
TAGACG	4.92978723404255	470	1.06386980764824
TAGAGA	9.9888789371548	6699	8.13828917801915
TAGAGC	4.71962764278953	3169	2.64472325993085
TAGAGG	1.75803286730439	4077	1.11740014908856
TAGATC	33.4663889686871	3481	19.6549636571155
TAGATG	20.3821687218634	5109	14.5020608387939
TAGCAA	5.87658227848101	5056	4.15948663162499
TAGCAC	1.32795698924731	2976	0.721127157909129
TAGCAG	10.4665402632166	4483	6.97587832567607
TAGCCA	6.58590148022325	4121	4.20850566460978
TAGCCC	2.79323968393328	2278	1.32707797813627
TAGCCG	2.49387755102041	490	0.549521317956744
TAGCGA	5.74574669187146	529	1.31548436521879
TAGCGC	7.65402843601897	422	1.56515616400127
TAGCGG	13.1099137931035	464	2.81106058164582
TAGCTA	-3.61913357400722	1662	-1.46869460994394
TAGCTC	2.12421972534332	3204	1.19689780391681
TAGCTG	8.44154256501445	4499	5.63626222538534
TAGGAA	2.77580893682589	7139	2.33463848180534
TAGGAC	-5.07873540072493	2483	-2.51915752867202
TAGGAG	4.38675022381379	4468	2.91884389130124
TAGGCA	4.30055055055055	3996	2.70612700846989
TAGGCC	1.52967625899281	2224	0.718089037752881
TAGGCG	12.9590517241379	464	2.77871235861192
TAGGGA	1.26018735362998	4270	0.819710378140478
TAGGGC	5.6125050586807	2471	2.77718299416995
TAGGGG	-3.32301557159134	2633	-1.69734132474734
TAGGTA	-9.79764666887636	3017	-5.35698965462833
TAGGTC	-0.532343819229062	2257	-0.251749939396416
TAGGTG	-1.2866323907455	3112	-0.714472724138542
TAGTAA	-2.27852348993288	4768	-1.56614876606742
TAGTAC	-8.3301703163017	2055	-3.75899002402961
TAGTAG	-0.045454545454543	2849	-0.0241509891533887
TAGTCA	23.8424543946932	4824	16.4841284197925
TAGTCC	-1.44647758462946	2186	-0.673206291208737
TAGTCG	-2.43354430379746	316	-0.430619981114649
TAGTGA	8.85747663551403	4280	5.76823943095394
TAGTGC	5.63574660633484	2210	2.63729659529221
TAGTGG	9.60575427682736	3215	5.42167325365642
TAGTTC	-0.476615024846534	3421	-0.277495308529126
TAGTTG	1.8813056379822	3370	1.08714052854983
TATAAA	-12.3589118198874	10660	-12.7019446230873
TATAAC	-10.842965163381	3703	-6.56804769101233
TATAAG	-6.95424912689174	4295	-4.53673286734494
TATACA	-15.3597285067873	5083	-10.900714701897
TATACC	-12.0209471766849	2196	-5.60746066398242
TATACG	-7.7943327239488	547	-1.8146128552839
TATAGA	-0.548284364084649	4867	-0.380757014691795
TATAGC	-4.6658163265306	2744	-2.4329381644885
TATAGG	-11.1123742079761	2683	-5.7296563278547
TATATA	-21.9649986691509	3757	-13.4018007833472
TATATC	4.19820245979187	4228	2.71732914667509
TATATG	-13.5547081553793	4917	-9.46131832465893
TATCAA	12.6229269960677	5849	9.6097537777233
TATCAC	20.5474508938424	4531	13.7678574702264
TATCAG	43.4225288053366	6596	35.1048251708439
TATCCA	3.29886749716875	4415	2.18193397613
TATCCC	5.20034129692832	2930	2.80205745747226
TATCCG	15.4359267734554	437	3.21206856525968
TATCGA	9.18750000000001	528	2.10148208699243
TATCGC	38.948132780083	482	8.51180253937624
TATCGG	37.568669527897	466	8.07291077428024
TATCTA	31.560382685069	6376	25.0857906655317
TATCTC	48.2536291427006	7302	41.0451904811055
TATCTG	45.1161689730517	8238	40.7619064034692
TATGAA	-1.43281831976824	7249	-1.21434350595011
TATGAC	18.2075569358178	3864	11.2663078642317
TATGAG	10.5946557971015	4416	7.00830127591545
TATGCA	4.57048269970098	4682	3.11307191293856
TATGCC	0.937673130193908	2888	0.501604523854875
TATGCG	4.90694789081886	403	0.980562653141279
TATGGA	-1.20702754036087	4212	-0.779781162782626
TATGGC	-0.707636363636362	2750	-0.369392325333775
TATGGG	0.454261270154659	3039	0.24927713238191
TATGTA	-7.88442345392978	5611	-5.87897285064739
TATGTC	-3.18	3400	-1.84577159218341
TATGTG	-0.252658599193251	5454	-0.185738968704662
TATTAA	-17.0378952449915	8286	-15.4383110664257
TATTAC	-5.56793229643184	4372	-3.66475884353884
TATTAG	-8.03847953216374	4275	-5.23182668785766
TATTCA	-2.85335935321996	7174	-2.40573914882744
TATTCC	-4.20526948507313	4991	-2.9573245993491
TATTCG	-0.922839506172838	648	-0.233843369441944
TATTGA	-10.6127185051236	4977	-7.45284080178713
TATTGC	-1.18765672889384	3589	-0.708254009704277
TATTGG	-8.99138712601994	3309	-5.14856807443521
TATTTC	-7.46354166666667	10176	-7.49453841331824
TATTTG	-3.27580713678844	9416	-3.16419273266484
TCAAAC	3.49713849675696	5242	2.52041885195957
TCAAAG	7.32479620391776	8219	6.61022763153444
TCAACC	6.84021949644934	3098	3.78985089583343
TCAACG	7.50425531914894	705	1.98341475315473
TCAAGA	15.655523465704	6925	12.9684735745653
TCAAGC	10.9613739641807	3741	6.67375451692505
TCAAGG	7.56553305311426	5234	5.44838478209562
TCAATC	14.5515839641155	3567	8.65113727347991
TCAATG	4.88832590190515	4934	3.41799248893041
TCACAC	10.5596625150663	4978	7.41632688436162
TCACAG	11.8331260106979	8039	10.5611663365977
TCACCC	8.27962396152164	4574	5.57403988457546
TCACCG	9.1368932038835	1030	2.9189626647532
TCACGA	15.5546666666667	750	4.24035990615222
TCACGC	11.7918340026774	747	3.20813796594532
TCACGG	8.75794032723772	1039	2.81009585681779
TCACTC	10.9464650213398	5389	7.99906755392141
TCACTG	15.9126443768997	8225	14.3655311919329
TCAGAC	10.5333775419982	4524	7.05245506714664
TCAGAG	14.5113361215056	9086	13.7690870930427
TCAGCC	16.9480411686587	6024	13.0940311862513
TCAGCG	15.5332480818414	1173	5.29569133145814
TCAGGA	14.3450184501845	7859	12.6589048237386
TCAGGC	15.9734796969108	5147	11.4074348544499
TCAGGG	9.72067876874508	6335	7.70160570092005
TCAGTC	9.91825250665031	4887	6.90188484974585
TCAGTG	18.1373117033604	7767	15.9114935977382
TCATAC	10.385985066054	3482	6.10061272473507
TCATAG	11.7538392050587	4428	7.78565096863447
TCATCC	13.1168881939015	5116	9.33915242663669
TCATCG	10.76399447132	1447	4.07585861543755
TCATGA	11.801572327044	3180	6.62467857461533
TCATGC	15.7666047375755	4306	10.2987987585869
TCATGG	8.54753521126762	5112	6.08341858449926
TCATTC	11.6338476610336	8166	10.4650049842134
TCATTG	10.5660301019582	6179	8.26765451655264
TCCAAC	5.65727891156463	3675	3.41387520525452
TCCAAG	5.35824068018313	6116	4.17126070950818
TCCACC	2.27547909407666	4592	1.53491796275848
TCCACG	1.871976647206	1199	0.645240170472627
TCCAGC	6.83747899159663	5950	5.25007934386116
TCCAGG	2.53438864628821	7328	2.15961991531912
TCCATC	7.24503187101612	5334	5.2671803019148
TCCATG	-0.368209640397856	5228	-0.265017360046895
TCCCAC	1.10131554905902	5473	0.811028048489879
TCCCAG	5.77244359097456	8332	5.24500259435353
TCCCCC	-5.67461014715572	4553	-3.81150272450706
TCCCCG	0.340745192307695	1664	0.138362301370688
TCCCGC	0.124000000000003	1250	0.0436403344978622
TCCCGG	1.33333333333334	1464	0.507832690445392
TCCCTC	-1.90342436677515	7067	-1.59281211166769
TCCCTG	5.40365099731716	8573	4.98040984171586
TCCGAC	-1.0082304526749	486	-0.221253079681614
TCCGAG	5.5483870967742	992	1.73953819197743
TCCGCC	2.53595724003887	1029	0.809768712904416
TCCGCG	3.07142857142857	476	0.667045218383187
TCCGGA	14.7472647702407	457	3.13820244688034
TCCGGC	-1.6991199119912	909	-0.5099379692358
TCCGGG	4.51163757273483	1203	1.55768055151135
TCCGTC	4.04913294797688	692	1.06029438812054
TCCGTG	0.479661016949155	1180	0.164016222985472
TCCTAC	-0.703039862345853	3487	-0.413254225566489
TCCTAG	3.01512968299712	4164	1.93674630335574
TCCTCC	3.03875728636984	8063	2.7161623326451
TCCTCG	-3.02101576182137	1142	-1.01624266082862
TCCTGC	10.8758751458576	6856	8.96418883975474
TCCTGG	5.57500905906511	8279	5.04947118002933
TCCTTC	0.861507984151761	8329	0.782649148016087
TCCTTG	6.29368198307135	6616	5.09581815538209
TCGAAC	6.18870523415979	363	1.17371995820272
TCGAAG	4.55533063427801	741	1.23435587208318
TCGACC	-4.40285714285714	350	-0.819936076867529
TCGACG	-8.90350877192982	114	-0.946291623262781
TCGAGC	-0.34886128364389	483	-0.0763198870409699
TCGAGG	4.72533333333333	750	1.28817379628008
TCGATC	16.7270642201835	436	3.47675708233004
TCGATG	14.8828125	1152	5.02831676724349
TCGCAC	6.37473460721868	471	1.37715854632991
TCGCAG	11.0338189386056	961	3.40485738562414
TCGCCC	1.84207525655644	877	0.543023400136871
TCGCCG	-2.636	375	-0.508127171438744
TCGCGA	18.7285714285714	105	1.91034004818808
TCGCGC	6.41390728476822	302	1.10952611399701
TCGCGG	8.71339950372209	403	1.74121150771459
TCGCTC	4.13591635916359	813	1.17389269291007
TCGCTG	12.1545784224841	1103	4.01826926345979
TCGGAC	-0.066964285714283	448	-0.0141089153169817
TCGGAG	3.71137339055794	932	1.12785685870666
TCGGCC	-1.06756756756757	851	-0.310007021632843
TCGGCG	0.576704545454546	352	0.107705054606916
TCGGGA	-1.13859275053305	938	-0.347121259224722
TCGGGC	4.9220297029703	808	1.39271191040707
TCGGGG	-1.20102214650766	1174	-0.40963442159021
TCGGTC	0.36492374727669	459	0.0778251287233448
TCGGTG	2.7093023255814	903	0.8104248028238
TCGTAC	13.1600566572238	353	2.46125431645308
TCGTAG	12.5018450184502	542	2.89724440686204
TCGTCC	10.8058637083994	631	2.70200124186327
TCGTCG	-1.48843930635838	173	-0.19487923264885
TCGTGC	0.149681528662423	628	0.0373387187007804
TCGTGG	7.45706106870229	1048	2.40303291839448
TCGTTC	-0.307637906647805	707	-0.0814255936327395
TCGTTG	7.60162002945509	679	1.97175260655636
TCTAAC	5.78248587570622	3717	3.50931409129316
TCTAAG	8.64336648526929	5329	6.28083185498554
TCTACC	1.06610075146117	3593	0.636118809002586
TCTACG	11.9287925696594	646	3.01803397704251
TCTAGA	15.2211538461538	2912	8.1762589957128
TCTAGC	13.3882120012184	3283	7.63606121345835
TCTAGG	4.90672634889911	4133	3.14004534353612
TCTATC	19.3666971011185	4381	12.7600849536153
TCTATG	11.47643690817	4541	7.6982888703268
TCTCAC	7.95349662761803	5634	5.94261919841183
TCTCAG	11.6269490342099	8594	10.7293848337015
TCTCCC	9.43482562453624	8086	8.44524251722703
TCTCCG	5.58064516129033	1240	1.95617016535558
TCTCGA	12.3472222222222	792	3.45894163875544
TCTCGC	9.78807556080284	847	2.8356354529804
TCTCGG	8.78377230246388	1177	2.9997197310789
TCTCTC	6.42092187334814	9459	6.21629158406672
TCTCTG	14.56148981026	11384	15.465523785757
TCTGAC	16.1682447195921	5492	11.9272278913628
TCTGAG	15.6113815484469	8628	14.434700771827
TCTGCC	13.7665852665853	7371	11.7652406199747
TCTGCG	11.3464079273328	1211	3.93044609084007
TCTGGA	11.2218092478266	7937	9.95181860453327
TCTGGC	15.4151464435147	5975	11.8611825164684
TCTGGG	9.63266911379129	7628	8.37458632471495
TCTGTC	5.89163439194423	6455	4.71189160395265
TCTGTG	14.9261633188654	9907	14.7887221612996
TCTTAC	6.2589246364037	4538	4.19704230795186
TCTTAG	10.2079136690648	5560	7.57679894829979
TCTTCC	7.37625733445096	9544	7.17319527744149
TCTTCG	1.14658634538153	996	0.360203404908697
TCTTGC	11.6120916259857	5326	8.43572501155309
TCTTGG	10.4031259215571	6782	8.52813618817085
TCTTTC	7.26481885639459	11455	7.73987088189577
TCTTTG	11.6861336032389	9880	11.5627383573737
TGAAAC	3.18860111429002	6641	2.5865942793331
TGAAAG	2.60453108535301	9490	2.52565502342097
TGAACA	-0.0530445699937215	6372	-0.042149283440151
TGAACC	1.15555206039635	3179	0.648554025510403
TGAACG	-3.1239907727797	867	-0.915652467883704
TGAAGA	7.56027247956403	9175	7.20861553965346
TGAAGC	4.950943748832	5351	3.60509610436579
TGAAGG	-2.01262165450121	6576	-1.62462982756916
TGAATC	21.6539798401112	5754	16.3506128703017
TGAATG	3.11132315521629	7860	2.74579287163785
TGACAC	13.8978183437222	4492	9.2720952345021
TGACAG	6.74118499436484	6211	5.28844983496225
TGACCA	9.44806007509387	4794	6.51182978694377
TGACCC	-1.63210953957267	3323	-0.936538969063198
TGACCG	9.49845916795069	649	2.40872315542488
TGACGA	7.36762778505898	763	2.02582219558973
TGACGC	22.182962962963	675	5.73697318007662
TGACGG	1.05869872701556	707	0.280216353260258
TGACTC	38.0620728221698	8047	33.9876248219834
TGACTG	11.9786651170513	6023	9.25393051826662
TGAGAC	0.459433962264153	4240	0.297795001153656
TGAGAG	1.6418720657277	6816	1.3493216351578
TGAGCA	4.86032590621883	6014	3.75196244381834
TGAGCC	4.7111772789739	4366	3.09872254264167
TGAGCG	7.5094451003542	847	2.17550923330099
TGAGGA	2.32550518842163	7324	1.98108385964287
TGAGGC	6.78138013087448	5043	4.79373423044575
TGAGGG	-2.23629575669277	5491	-1.6495532534057
TGAGTC	41.3921436285097	7408	35.4633521224584
TGAGTG	7.14723389355742	5712	5.37704254901964
TGATAC	13.6533428165007	3515	8.0577360814827
TGATAG	24.5409473218238	4518	16.4201006765536
TGATCA	23.280096906448	2683	12.0034613716805
TGATCC	12.3683177287828	3311	7.08437599379001
TGATCG	28.26740237691	589	6.828965638214
TGATGA	16.0199902782841	8229	14.4659566206776
TGATGC	15.6338851022395	4108	9.97455461038775
TGATGG	12.3201721556886	5344	8.96522885565357
TGATTC	19.3707571801567	7660	16.8761105252287
TGATTG	21.8349209373214	5249	15.7471255170562
TGCAAC	3.20095767686129	3237	1.81285329681765
TGCAAG	9.26852605863193	4912	6.46623126993152
TGCACC	-4.12951601908656	2934	-2.22659171617882
TGCACG	5.1594700686948	1019	1.63947035611183
TGCAGA	14.5421818181818	8250	13.1482491056967
TGCAGC	5.39966198185377	5621	4.02981162737219
TGCAGG	4.10533887468031	6256	3.23227840599444
TGCATC	14.5883426624483	4109	9.3086222245629
TGCATG	4.99297941911906	5199	3.58369518932461
TGCCAC	7.11442885771544	4990	5.00266812360269
TGCCAG	10.807636151263	6849	8.90339574231227
TGCCCC	-2.5753052917232	4422	-1.70470591640007
TGCCCG	-1.27224199288256	1124	-0.42458462248067
TGCCGA	11.6028571428571	700	3.05580293878746
TGCCGC	3.52222222222223	900	1.05183928352363
TGCCGG	5.79140271493213	1105	1.91635640893571
TGCCTC	4.25605481198216	6276	3.35629448229564
TGCCTG	11.0710584272574	7719	9.68235590180869
TGCGAC	-0.197115384615382	416	-0.0400201365516618
TGCGAG	1.64819587628866	776	0.457036687007975
TGCGCA	-0.776397515527947	322	-0.138683071570643
TGCGCC	1.30555555555556	792	0.365737361128248
TGCGCG	1.96724890829694	458	0.419086268296904
TGCGGA	8.46134663341646	802	2.38527276942044
TGCGGC	0.0294117647058856	969	0.00911369206674107
TGCGGG	-0.422813036020581	1166	-0.143717291254751
TGCGTC	14.1984993178718	733	3.82653606867287
TGCGTG	2.96074201898188	1159	1.00335279388008
TGCTAC	0.386170906718853	3066	0.212851642688043
TGCTAG	7.46040488240548	3359	4.30406457593573
TGCTCC	-0.672812437711778	5017	-0.474381168903484
TGCTCG	3.00131233595801	762	0.824707716293661
TGCTGA	17.0539468714591	7943	15.1296390121631
TGCTGC	6.35960244169667	6389	5.06008474737275
TGCTGG	7.41725801873404	7046	6.19763628000889
TGCTTC	3.40456490727532	7010	2.83747475551973
TGCTTG	7.58027235262498	5581	5.6370540638726
TGGAAC	-0.097573055968299	4038	-0.0617197905515741
TGGAAG	2.73122973310053	8018	2.43445996385507
TGGACC	-9.24285714285714	2450	-4.55408006776068
TGGACG	0.535353535353537	792	0.14997354073344
TGGAGA	15.0874945247481	9132	14.3519679541961
TGGAGC	1.43951786482996	4646	0.976715412201075
TGGAGG	0.170526761756817	7081	0.142840453814296
TGGATC	11.6782178217822	3232	6.6088154823239
TGGATG	2.36180124223603	5152	1.68749561487159
TGGCAC	4.89182326053835	3938	3.05576528475703
TGGCAG	11.6116930731963	7637	10.1010918959404
TGGCCA	7.99148099606815	3052	4.39471701062291
TGGCCC	2.90869163199261	4326	1.90437432717902
TGGCCG	7.21846435100549	1094	2.37664795611838
TGGCGA	13.0343709468223	771	3.60270452135912
TGGCGC	13.295166858458	869	3.90135130988261
TGGCGG	-2.7603706972639	1133	-0.924897791682271
TGGCTC	8.48722524891979	5323	6.16389654027086
TGGCTG	9.8002687827979	7813	8.62299785515182
TGGGAC	-2.16232686980609	3610	-1.29326142888243
TGGGAG	4.97808817688336	7553	4.30659177306534
TGGGCA	4.22742759795571	5870	3.22408592746909
TGGGCC	3.91060715142789	4167	2.51285436558371
TGGGCG	7.3228176318064	1157	2.47945526540549
TGGGGA	-1.99887907160754	7583	-1.7326802615064
TGGGGC	1.2002698535081	5188	0.86057804280387
TGGGGG	-10.0926986399427	5588	-7.51012012355745
TGGGTC	-1.62929232606748	3349	-0.938572801546969
TGGGTG	5.16274928774929	5616	3.85128771296798
TGGTAC	-0.465213358070498	2156	-0.215024493748231
TGGTAG	2.52083912197833	3599	1.50538447421084
TGGTCC	-9.23330978452844	2831	-4.89033623963938
TGGTCG	0.272200772200773	518	0.0616688162154222
TGGTGA	16.0779282115869	6352	12.7554771463846
TGGTGC	0.458068247541935	3458	0.268135342765321
TGGTGG	2.88109701625871	5597	2.14559088350175
TGGTTC	1.16611097880448	4199	0.752184189587242
TGGTTG	6.86824912891986	4592	4.63295795075506
TGTAAC	1.86987759446514	3758	1.14104545314815
TGTAAG	3.25261834939255	4774	2.23710152633641
TGTACA	-3.74204099433057	2293	-1.78370055464305
TGTACC	-5.86528925619834	2420	-2.87215912309655
TGTACG	7.29012345679012	567	1.72797633963692
TGTAGA	9.05483128834356	5216	6.50969338612946
TGTAGC	3.89004149377593	3133	2.16743364360359
TGTAGG	-1.09437978995174	3523	-0.646600096286975
TGTATC	11.8816341644038	4051	7.52781048377048
TGTATG	-4.72403433476394	4660	-3.21009128728151
TGTCAC	8.8758737767126	5007	6.25188948408892
TGTCAG	7.93506599315627	6137	6.18785293937877
TGTCCA	-0.742087957254416	4866	-0.515291306124053
TGTCCC	-4.6219836174452	4517	-3.09218042220971
TGTCCG	2.09397417503587	697	0.550299463430169
TGTCGA	4.41417910447762	536	1.01728753846149
TGTCGC	0.288043478260871	552	0.0673657213466344
TGTCGG	0.733169129720857	609	0.180104347374952
TGTCTC	-0.39493903457491	5987	-0.30419079532035
TGTCTG	7.2103519363864	6791	5.91472704448932
TGTGAC	12.0570392979779	5242	8.68961557388176
TGTGAG	8.63696682464455	6330	6.84028954518206
TGTGCA	3.14873024329604	5631	2.35201235253905
TGTGCC	2.34979014800089	4527	1.57378609894478
TGTGCG	2.96127946127947	891	0.879892519615153
TGTGGA	6.53694092504962	6551	5.26671404422236
TGTGGC	12.384575026233	5718	9.32211729365021
TGTGGG	6.91948153967007	6365	5.49520803128206
TGTGTC	7.65348753810293	5577	5.68946042276082
TGTGTG	2.14941438929169	8965	2.02584716488664
TGTTAC	0.865896980461814	3941	0.541104096331181
TGTTAG	0.425286066861119	4457	0.282627131562013
TGTTCC	-1.45327279606508	5286	-1.05177320496866
TGTTCG	-4.45286195286195	594	-1.08029864896665
TGTTGA	7.94952251023193	5864	6.05967599305456
TGTTGC	4.16389351081531	4207	2.68842081489736
TGTTGG	2.54969338126454	4729	1.74535587683462
TGTTTC	2.09506657934949	9162	1.99620138149211
TGTTTG	2.73426776782599	8597	2.52363118469432
TTAAAA	-12.7499769223668	21666	-18.6814313008142
TTAAAC	-5.75304402123009	6406	-4.58355601763379
TTAAAG	-3.52830601092896	9150	-3.35960462670881
TTAACA	-6.15028409090909	7040	-5.13680270500444
TTAACC	-0.611984815618218	3688	-0.369953790974538
TTAACG	-4.40266666666666	750	-1.20021159010069
TTAAGA	2.41071428571428	8064	2.15492609429818
TTAAGC	-4.46993260756868	3858	-2.7637163393001
TTAAGG	-3.15881617340559	4798	-2.17804001250883
TTAATC	20.0893124687864	6007	15.4990567653739
TTAATG	-9.29031541537095	6753	-7.59959088023503
TTACAA	-1.72811161966632	6773	-1.41570806854845
TTACAC	1.39778489458234	3747	0.851713573470651
TTACAG	5.00450751252087	5990	3.85554819101435
TTACCA	4.35042120402712	4867	3.02115744822063
TTACCC	-0.718666666666664	3000	-0.391831645708219
TTACCG	2.70833333333334	576	0.647030474091823
TTACGA	-4.84165366614665	641	-1.22020869124379
TTACGC	7.75389755011137	449	1.63551528812801
TTACGG	0.0421487603305791	605	0.0103198615808036
TTACTC	12.2324296141814	4795	8.43176337730799
TTACTG	5.56966445239312	5871	4.24811681904196
TTAGAA	-3.1811974216104	9153	-3.02958911708586
TTAGAC	-0.572795625427204	2926	-0.308424047707246
TTAGAG	4.61034231609614	5492	3.40102493591273
TTAGCA	3.91364928909953	5275	2.82946623700778
TTAGCC	2.74596901675625	3163	1.53729285168271
TTAGCG	9.76785714285715	560	2.30093680992607
TTAGGA	1.35374089212725	5627	1.01084690193605
TTAGGC	0.429884275017021	2938	0.231947039614946
TTAGGG	-2.81784841075795	3681	-1.70181330166747
TTAGTC	20.144312612845	3877	12.4856665458843
TTAGTG	3.25665488810365	4245	2.11213641695223
TTATAA	-9.64029328080542	4569	-6.48652661644716
TTATAC	-12.0402003596198	3893	-7.47803158172822
TTATAG	-6.10510095642933	4705	-4.16854066961146
TTATCA	34.731068608918	8993	32.7855007844838
TTATCC	14.9155606407323	4370	9.8150310915119
TTATCG	42.2359900373599	803	11.9138418421083
TTATGA	3.77404718693285	6612	3.0548164977606
TTATGC	-2.04929964295523	3641	-1.23091250264618
TTATGG	-0.38336614173228	4064	-0.243277521605915
TTATTC	-4.27193220338983	7375	-3.65188205884718
TTATTG	-8.58877284595301	6128	-6.69270795100306
TTCAAC	-3.05841584158416	4545	-2.052460734335
TTCAAG	1.59002976190476	6720	1.29748178330089
TTCACA	2.68132832080201	7980	2.38431054805286
TTCACC	1.19905821917808	4672	0.815836377972829
TTCACG	-0.112524461839529	1022	-0.0358083056209213
TTCAGA	7.55393457117595	10179	7.58642476228157
TTCAGC	6.08783894823336	6085	4.72720923232956
TTCAGG	0.175230946882219	6928	0.14518646337502
TTCATC	11.396937573616	6792	9.34971530836369
TTCATG	1.15873015873016	6930	0.960196916662233
TTCCAC	5.03512803676953	6092	3.91202701304067
TTCCAG	6.9631947390751	9428	6.7302269176024
TTCCCA	0.23208117443869	9264	0.222356877027257
TTCCCC	-0.53000857387825	6998	-0.441348081747536
TTCCCG	5.98466257668712	1304	2.15124485222758
TTCCGA	8.70767494356659	886	2.58006381884556
TTCCGC	6.25595238095238	840	1.80486389139432
TTCCGG	14.9475190839695	1048	4.81682798037741
TTCCTC	5.69290971286411	9647	5.56598221732367
TTCCTG	14.3235095137421	11825	15.5046295671566
TTCGAA	-7.10817307692308	416	-1.44316516808861
TTCGAC	5.53588516746412	418	1.12664370068399
TTCGAG	2.80810810810811	925	0.850150997919696
TTCGCA	6.77850162866449	614	1.67197303643692
TTCGCC	-1.37183811129848	593	-0.332538236761092
TTCGCG	16.3780487804878	205	2.33426667492807
TTCGGA	0.422865013774108	726	0.113417858842357
TTCGGC	-0.472318339100345	578	-0.113034262978331
TTCGGG	-3.82750582750583	858	-1.11601718875181
TTCGTC	-0.584019769357494	607	-0.143229762919071
TTCGTG	2.72897669706181	987	0.853433689271376
TTCTAC	-6.10548566714786	4849	-4.23211721055817
TTCTAG	-0.974503311258276	6040	-0.753899000489838
TTCTCA	0.26582404458599	10048	0.265243929919638
TTCTCC	-1.39723320158102	8602	-1.28997114305745
TTCTCG	2.87606032045241	1061	0.932539124101842
TTCTGA	8.0414551607445	10638	8.25612038151404
TTCTGC	3.0101246105919	7704	2.62998935493993
TTCTGG	1.38106263709481	8206	1.24534738034033
TTCTTC	-3.33858690348394	10247	-3.36412738728003
TTCTTG	1.61337037474879	8459	1.47708323731294
TTGAAC	-5.0070821529745	3883	-3.10584509551797
TTGAAG	0.952686915887854	6848	0.784771920892486
TTGACA	0.295669291338585	5080	0.209772935485027
TTGACC	1.54556035916196	3007	0.843653404605926
TTGACG	4.16779089376054	593	1.01028672668106
TTGAGA	5.03068946188341	7136	4.23025268180257
TTGAGC	1.48539325842697	3560	0.882221884159307
TTGAGG	2.14764841942946	5188	1.53983628599979
TTGATC	25.1527777777778	3960	15.7559620438809
TTGATG	10.8316424698268	5717	8.15248093008366
TTGCAA	3.818901453958	3095	2.1148528623325
TTGCAC	2.25219941348974	3410	1.30916808533664
TTGCAG	7.44987912973408	6205	5.84159573611684
TTGCCA	7.70933311269238	6043	5.96560491254723
TTGCCC	1.8347311297484	4054	1.16285531152073
TTGCCG	5.05586206896552	725	1.35511327463722
TTGCGA	9.50769230769231	520	2.15818251330243
TTGCGC	12.4097387173397	421	2.53463288179877
TTGCGG	3.94314868804665	686	1.02805557056024
TTGCTC	5.75723100655611	5186	4.12706482945142
TTGCTG	7.42491694352159	7525	6.41144957746644
TTGGAA	2.09521355776938	8733	1.94904292887901
TTGGAC	-1.41131284916201	2864	-0.751832649048489
TTGGAG	6.30140822531606	6249	4.95854497720465
TTGGCA	8.95515438653816	6121	6.97422005351317
TTGGCC	5.68625723634533	3973	3.56777258583373
TTGGCG	3.16476462196862	701	0.834087865731388
TTGGGA	-0.130442119473504	5926	-0.0999562718269753
TTGGGC	4.00435026662925	3563	2.37931174889874
TTGGGG	-7.39637209302325	5375	-5.397832013165
TTGGTC	2.76370839936609	3155	1.54526610759092
TTGGTG	2.10071019925035	5069	1.48880791401286
TTGTAC	-4.31170886075949	3160	-2.4127056915931
TTGTAG	-0.381077216396566	4196	-0.245720903239334
TTGTCA	4.73664736164736	6216	3.71738836354776
TTGTCC	-2.16233453670277	4155	-1.38745778484861
TTGTCG	6.18821292775665	526	1.41276361030908
TTGTGA	7.60413120841715	6463	6.08524487124477
TTGTGC	4.85756486000514	3893	3.01697831833744
TTGTGG	17.9855212355212	6216	14.1152934234933
TTGTTC	-0.183015741507868	6035	-0.141526726654209
TTGTTG	-1.73607473371748	5727	-1.30780618572476
TTTAAA	-12.3253427726499	11159	-12.9605378252214
TTTAAC	-6.23791388154826	6433	-4.98032322454062
TTTAAG	-5.57385321100918	8720	-5.181137867539
TTTACA	-3.52189182861156	8542	-3.24016536591713
TTTACC	-2.80082179930796	4624	-1.89585784388307
TTTACG	-2.92139175257732	776	-0.810087700896854
TTTAGA	2.7110683567225	8836	2.5367618669181
TTTAGC	-1.35196309804762	4661	-0.918788960112733
TTTAGG	-7.04847445387253	5539	-5.22182353983165
TTTATC	30.4414433424773	9478	29.5008800243342
TTTATG	-5.09794319294809	8168	-4.58631875408442
TTTCAA	-4.32262210796915	11670	-4.64829922822011
TTTCAC	-0.0778966597077217	7664	-0.0678825209269278
TTTCAG	2.16520100502513	11144	2.27525538435491
TTTCCA	-0.555823457294643	12235	-0.611998330174814
TTTCCC	-1.63869346733668	9950	-1.62712396590078
TTTCCG	11.6209677419355	1240	4.07346995415809
TTTCGA	0.19518072289157	830	0.0559741293970289
TTTCGC	1.72913256955811	611	0.425461508270294
TTTCGG	1.31459330143541	836	0.378360623771608
TTTCTC	-1.8534801355097	12988	-2.10266678770258
TTTCTG	2.59830556945735	13987	3.05889021862506
TTTGAA	-4.374641305239	12197	-4.80928307241931
TTTGAC	2.07397540983607	4880	1.44219801320402
TTTGAG	-0.313533057851238	7744	-0.274648599841771
TTTGCA	1.70284739381104	8499	1.56268348607726
TTTGCC	2.06224439718632	6113	1.60501357267872
TTTGCG	9.36507936507938	756	2.56320734569476
TTTGGA	0.813711499583782	8409	0.742769408873593
TTTGGC	4.36383968509572	5589	3.24748550552045
TTTGGG	-6.19395173015411	6878	-5.11340605498502
TTTGTC	-0.0432457212713915	6544	-0.0348238007499545
TTTGTG	6.46806033048686	9017	6.11387388541211
TTTTAC	-5.45037380768239	7758	-4.77873068423423
TTTTAG	-6.46279121121784	9057	-6.12242803030855
TTTTCA	-4.55357989568517	14763	-5.5074637831204
TTTTCC	-3.52765845203104	13269	-4.044985845302
TTTTCG	-7.57392607392607	1001	-2.38533554388131
TTTTGA	-3.21259259259259	10800	-3.32337164750958
TTTTGC	-3.69570164348925	7910	-3.27187364799778
TTTTGG	-5.83147429679922	8248	-5.27186245667821
TTTTTC	-6.45713340948716	16633	-8.28965453816813
TTTTTG	-6.32619584272476	11979	-6.89230192518636
