kmer	auc	count	MOCCS2score
AAAAAA	-25.6572701181557	134145	-93.5425210686974
AAAAAC	-16.260060819083	50642	-36.4241117076691
AAAAAG	-16.3771506599909	65910	-41.8528829833933
AAAAAT	-25.8917789189055	80622	-73.1812886848026
AAAACA	-12.8231823266219	71520	-34.1366539240645
AAAACC	-7.25761107873338	36033	-13.7137201075168
AAAACG	-5.19451371571073	10426	-5.27977161336404
AAAACT	-14.4961051820882	45445	-30.7613764476414
AAAAGA	-11.8819217633812	67053	-30.6271915090869
AAAAGC	-6.2937837901093	42727	-12.9501380765412
AAAAGG	-8.52008553841234	50036	-18.9712796521876
AAAAGT	-16.2453748568408	45404	-34.4578497984259
AAAATA	-25.0744363107858	74997	-68.3540895900501
AAAATC	-17.228492206235	40032	-34.3132847152225
AAAATG	-14.6252159543304	66565	-37.560955776294
AAAATT	-26.7118103448276	58000	-64.0366638829124
AAACAA	-13.2702350758337	58747	-32.0171626416415
AAACAC	-2.77194079367104	39185	-5.46204475693939
AAACAG	0.564809562002389	51119	1.2711728084915
AAACAT	-11.8269513325346	44239	-24.7620638716022
AAACCA	0.0135857570258496	40778	0.0273091500092788
AAACCC	-2.70798018904118	28671	-4.56434309513821
AAACCG	6.47963197078242	7119	5.44215886207734
AAACCT	-4.77268514227453	32367	-8.54722993852678
AAACGA	-5.71621978602561	7571	-4.95104554019796
AAACGC	5.90909090909091	7942	5.24199970205089
AAACGG	3.36126038104543	8188	3.02762757884067
AAACGT	-1.49000999000999	9009	-1.40779316640466
AAACTA	-12.9590438915292	28616	-21.8217111824384
AAACTC	-6.5769128718782	30151	-11.3680068857251
AAACTG	-0.737534279241681	41935	-1.50342550321274
AAACTT	-13.9344834857791	37937	-27.016789969925
AAAGAA	-14.1324265764754	75691	-38.7034998097295
AAAGAC	-5.76953652317384	33335	-10.4858233177978
AAAGAG	-4.04266941559567	51899	-9.16767276261352
AAAGAT	9.10949868073879	45859	19.418610311742
AAAGCA	-2.82128289657484	53691	-6.50741885810337
AAAGCC	1.41581290564824	37286	2.72138598247172
AAAGCG	5.55570499887918	8922	5.22374135842035
AAAGCT	-1.94294611148283	38858	-3.81252198255999
AAAGGA	-5.70207532943161	55702	-13.3961414303806
AAAGGC	3.02227775414717	37616	5.83488175551738
AAAGGG	-0.824914962024134	42922	-1.70122021619138
AAAGGT	-9.00929639081297	30173	-15.5779928501829
AAAGTA	-15.456569480163	34607	-28.6224276339629
AAAGTC	-6.44315351281264	29307	-10.9798280805179
AAAGTG	-4.20626155878468	37850	-8.14592854144704
AAAGTT	-15.1196276778858	37763	-29.2472959782731
AAATAA	-23.4525856473134	69325	-61.4677121538889
AAATAC	-16.8956116260442	34956	-31.4446063616742
AAATAG	-13.7988541431474	35432	-25.8554580947604
AAATAT	-25.3602667715634	55928	-59.7007574613306
AAATCA	-9.98119957741067	41648	-20.2764160548949
AAATCC	-10.0236675363399	29513	-17.141337723615
AAATCG	-5.57992097701149	5568	-4.1446612513095
AAATCT	-8.38299603376385	39332	-16.5494534249787
AAATGA	-11.3494705528208	56474	-26.8479577804868
AAATGC	-4.36808871091945	38958	-8.58224988514207
AAATGG	-6.98155912536869	41023	-14.075943272311
AAATGT	-12.1715608638134	53669	-28.0685130273858
AAATTA	-23.8073572017679	47287	-51.5339519586444
AAATTC	-17.7246333836532	37096	-33.9822539865638
AAATTG	-15.0074027908674	32893	-27.0937213882158
AAATTT	-24.9090821849449	26051	-40.0203888519957
AACAAA	-12.8144582729669	57289	-30.5314374017412
AACAAC	-4.57744520771999	24456	-7.12569527953224
AACAAG	-0.121827816260732	31327	-0.214643253317952
AACAAT	-9.50247185756755	29937	-16.3663603765036
AACACA	1.32543113687111	42098	2.7070687143277
AACACC	2.95178594792621	22929	4.44927036724996
AACACG	4.77136065784402	7783	4.19012654873195
AACACT	0.426172953081879	30436	0.740101101706807
AACAGA	5.34867869590153	45334	11.3362628998491
AACAGC	10.8841217509052	33971	19.9691204209202
AACAGG	4.69596923892867	33939	8.61164549376005
AACAGT	0.92811789867665	29924	1.59817506408665
AACATA	-12.2048271113831	26144	-19.643959417981
AACATC	1.70120674793745	24363	2.64322332691062
AACATG	-0.116573651276845	29565	-0.199526562394173
AACCAA	-3.66132578281146	30020	-6.31473451965491
AACCAC	14.0922412520301	27092	23.0893646190315
AACCAG	6.14604430379747	31600	10.8755344125074
AACCAT	-2.07821852943804	22386	-3.09521514310543
AACCCA	1.19412810216576	30382	2.0719080499283
AACCCC	-0.461717175870716	24319	-0.716737728592421
AACCCG	7.20208564729113	8103	6.45345937125697
AACCCT	2.65264399829794	25851	4.24550172543158
AACCGA	3.27812317855061	5147	2.34106639966559
AACCGC	16.9412143777746	6983	14.0921396484345
AACCGG	10.0392513031117	6331	7.95149630539629
AACCGT	7.70103092783506	4850	5.33864589827922
AACCTA	-6.16340473775285	16759	-7.94247977184162
AACCTC	1.86810975108848	24346	2.90153340747105
AACCTG	0.937581618607281	28333	1.57096584962973
AACGAA	-5.71483942414175	6321	-4.52280961035291
AACGAC	3.83749100503718	4169	2.46646352397714
AACGAG	3.83175505050505	6336	3.0361044046641
AACGAT	1.95942857142857	4375	1.29011921658486
AACGCA	7.47880835380836	6512	6.00759959699987
AACGCC	14.7785511555616	7399	12.6540559967157
AACGCG	19.5333495618306	4108	12.4624468360947
AACGCT	6.71771998790445	6614	5.43832767726855
AACGGA	7.35291828793775	6425	5.86688647733708
AACGGC	13.2453880164659	6559	10.678122032082
AACGGG	4.08033769063181	7344	3.48075792137872
AACGGT	8.89236256819136	4766	6.1109053899687
AACGTA	-7.73706429963196	4619	-5.23433562754257
AACGTC	8.44276889534884	5504	6.23498615063811
AACGTG	4.42102193187121	8572	4.07450757576309
AACGTT	0.263872135102536	3316	0.151255846745391
AACTAA	-13.8613020196484	23717	-21.2493320102194
AACTAC	-0.538421214924451	16215	-0.682483284847406
AACTAG	-4.0164729775471	17726	-5.32306293593836
AACTAT	-12.9887199239658	19991	-18.2807913100401
AACTCA	-2.21935861032236	29935	-3.82233276106284
AACTCC	1.69817073170732	25912	2.72109182791777
AACTCG	2.30046611688778	5578	1.71027707770153
AACTCT	-3.79789872096059	30648	-6.61844292070622
AACTGA	4.05149885815049	34593	7.5010353705724
AACTGC	10.9163575278225	28574	18.3685405073847
AACTGG	2.06694609972057	29703	3.54601597883675
AACTGT	1.81283803961908	30137	3.13271144514877
AACTTA	-11.0558123725357	22065	-16.3476000756663
AACTTC	-4.06350569675723	28525	-6.83164166513671
AACTTG	-2.13754869643392	26696	-3.47656611776556
AAGAAA	-12.2171447868899	84393	-35.329241428595
AAGAAC	-1.21949425719025	31953	-2.16993616634067
AAGAAG	-3.18942279519484	51195	-7.18351903008605
AAGAAT	-9.93030434572903	41466	-20.1288984930198
AAGACA	-0.376219715360081	42018	-0.767663016032632
AAGACC	-1.12836647910313	23281	-1.71380880745134
AAGACG	4.11731150793651	8064	3.68044527689754
AAGACT	-0.664863209473254	29388	-1.13456320898315
AAGAGA	2.62862837470557	55190	6.14710692815819
AAGAGC	6.06623276041822	33571	11.0640107279014
AAGAGG	1.70372830512106	46670	3.66379038167703
AAGAGT	-2.57239255544711	29713	-4.41389374870398
AAGATA	34.0275449548586	40207	67.9192420084452
AAGATC	21.7425655241935	23808	33.3951673054073
AAGATG	5.24859122163056	38686	10.2761643758009
AAGCAA	-1.30260605044432	41749	-2.64939985909746
AAGCAC	6.77660096794557	28514	11.3907511793152
AAGCAG	9.15457034582647	50401	20.4582707548549
AAGCAT	0.478345874544082	30433	0.830664776152461
AAGCCA	7.84647793978414	42248	16.054220160031
AAGCCC	4.36362135718359	33319	7.92874438796301
AAGCCG	7.33719421793921	10792	7.5873892088026
AAGCCT	6.47941457482846	34539	11.9867659975571
AAGCGA	5.48454272219837	6987	4.56349074926952
AAGCGC	15.2430903155604	9190	14.5459522510256
AAGCGG	10.9110762203825	10509	11.1342165760591
AAGCGT	6.78261964735516	5955	5.21014398681144
AAGCTA	-2.53114608215072	21351	-3.68160931397778
AAGCTC	3.21580075382455	27062	5.26599517212346
AAGCTG	9.71634615384615	42016	19.8253886501789
AAGCTT	-0.244059831888276	15109	-0.298624576918504
AAGGAA	-2.97360560093349	64275	-7.50439676974282
AAGGAC	2.75044575993153	28042	4.58478480860128
AAGGAG	5.1695401192996	51970	11.7311246000882
AAGGAT	-0.685285535639848	28788	-1.15741389357341
AAGGCA	7.34146948378048	44206	15.3650856909261
AAGGCC	10.5063571450092	33191	19.0534536359567
AAGGCG	13.911499624468	11983	15.1589146277713
AAGGCT	7.12062283737024	36125	13.4720377093076
AAGGGA	1.7953202990475	45879	3.82789742873425
AAGGGC	10.1450272112912	33442	18.467610938686
AAGGGG	3.1845641025641	39000	6.26027884378704
AAGGGT	3.26134075565557	25329	5.16673965720177
AAGGTA	-9.38644771271315	22166	-13.9109345975758
AAGGTC	1.24249802884839	21561	1.81610743874802
AAGGTG	0.737590559650735	31609	1.30536542944014
AAGGTT	-0.239991253528404	25153	-0.378880006919999
AAGTAA	-13.941492350921	32030	-24.8369986215842
AAGTAC	-3.58372836826774	17509	-4.72038188408284
AAGTAG	-3.34288738357324	23620	-5.11414540721047
AAGTAT	-15.7292853282335	24053	-24.283148475835
AAGTCA	-0.554831288343556	33904	-1.01694576676034
AAGTCC	0.748911917098448	24125	1.15791260443187
AAGTCG	2.05362946912243	5538	1.52128275608856
AAGTCT	-2.3044324545827	29284	-3.92546004398677
AAGTGA	0.858427090227225	36264	1.62724387955728
AAGTGC	7.66224044384613	24513	11.9416788618417
AAGTGG	1.96728770829491	32526	3.53178767276782
AAGTGT	-1.11249434133092	28717	-1.87663029849157
AAGTTA	-10.7432411878779	26299	-17.3426844608397
AAGTTC	-3.81095449053564	24830	-5.97769154747586
AAGTTG	-3.05219218756025	25933	-4.89271180710394
AATAAA	-23.6669803626325	63756	-59.4859991395676
AATAAC	-14.3933557129406	24427	-22.3928052894772
AATAAG	-13.9605676081321	29316	-23.7939646350998
AATAAT	-24.1372894352192	41733	-49.0839697658265
AATACA	-14.7319962974391	32410	-26.400520884796
AATACC	-11.5895603401484	16581	-14.8553777477602
AATACG	-8.56553819444445	4608	-5.78791667550599
AATACT	-15.5137536945813	25375	-24.5997841596524
AATAGA	-9.61757949895915	27862	-15.9802403825216
AATAGC	-6.78664581455759	18863	-9.27837552965035
AATAGG	-8.51776925866445	19303	-11.7801184010089
AATAGT	-14.3675430686726	21071	-20.7604355311219
AATATA	-28.3866522236264	33234	-51.5130024886313
AATATC	-11.5531170625195	22441	-17.2278727715212
AATATG	-15.3117492825001	28223	-25.6057662290311
AATATT	-26.9349007406109	22819	-40.5018688188464
AATCAA	-8.67127241673783	29275	-14.7687133483344
AATCAC	0.752857082612915	23713	1.15403018959323
AATCAG	17.4838288528871	33702	31.9503605048943
AATCAT	-8.47485207100592	27716	-14.0445808234349
AATCCA	-6.83372908396096	26953	-11.1679302373266
AATCCC	-3.72925616097671	22115	-5.52048287263553
AATCCG	5.81597510373444	4820	4.01936491261145
AATCCT	-5.80000368554896	27133	-9.51017603811299
AATCGA	-2.75359116022099	3620	-1.64916885001698
AATCGC	17.8119789381308	4558	11.970456490128
AATCGG	14.4358574610245	4490	9.62891016286974
AATCGT	-0.195427728613567	4068	-0.124076071851115
AATCTA	1.53366267377809	22874	2.30893807443818
AATCTC	11.6093968114025	27222	19.0669421815927
AATCTG	11.3932112170711	31773	20.2156001624172
AATCTT	0.766870125466262	32439	1.37488675266573
AATGAA	-13.4205781907712	50364	-29.9807652157316
AATGAC	-2.37058601134216	26450	-3.83777875692131
AATGAG	-2.66007997151699	36513	-5.05975899244076
AATGAT	-4.36921024717945	31111	-7.67134135281629
AATGCA	-2.37026897645334	33423	-4.3135191038024
AATGCC	3.03808783521182	25730	4.85100361124548
AATGCG	9.85854056257644	4906	6.87365576415977
AATGCT	-0.945218689728113	32146	-1.68696918479818
AATGGA	-6.54293484904045	32724	-11.7819497713442
AATGGC	3.55004808462895	24956	5.58255619017833
AATGGG	-0.307642824854825	28759	-0.519331971747376
AATGGT	-6.3640442916462	22397	-9.48068020656458
AATGTA	-14.3574109458168	29308	-24.4669932234773
AATGTC	-4.65451565061275	25622	-7.41638705931351
AATGTG	-1.03293763584685	35886	-1.94781635018394
AATGTT	-11.6792497130335	38332	-22.7618241057458
AATTAA	-23.9814620627668	40053	-47.7754252401646
AATTAC	-14.0787781350482	22392	-20.9711760848152
AATTAG	-14.1436369628806	24273	-21.934826694181
AATTAT	-20.9363803897125	36899	-40.0331973654806
AATTCA	-13.6190753690754	36036	-25.735184818735
AATTCC	-11.2835651892591	27819	-18.7339121204528
AATTCG	-10.3544757033248	3910	-6.44507345124898
AATTCT	-14.7795701669304	39178	-29.1201973377301
AATTGA	-13.0408829174664	23445	-19.8766638643654
AATTGC	-3.19419908053101	19359	-4.42399695445619
AATTGG	-8.26845373016656	20294	-11.7251797032167
AATTGT	-14.6722083993063	26526	-23.7871684834445
AATTTA	-23.4350972525519	39382	-46.2942468569837
AATTTC	-16.2251916610625	37175	-31.1405804425083
AATTTG	-14.2690432488241	34868	-26.5228233043956
ACAAAA	-15.2323052948212	55186	-35.6197996932915
ACAAAC	-2.32150927891529	29206	-3.94927924971794
ACAAAG	-1.81385009482992	40599	-3.63806487617174
ACAACA	-1.38055681857927	28591	-2.32370149353343
ACAACC	3.44683956438756	17814	4.579448426682
ACAACG	6.55256012412723	5156	4.68358976205421
ACAAGA	3.26364872741403	30882	5.70909798789399
ACAAGC	7.2137791517025	21997	10.6501554999956
ACAAGG	4.98052779457268	28117	8.31325759175117
ACAAGT	-1.0210938876167	22708	-1.53167455723578
ACAATA	-13.6122090176704	22467	-20.3101219396605
ACAATC	9.38930752982817	17517	12.3701454992646
ACAATG	-0.998414275342933	26171	-1.6078010936294
ACACAA	-1.62026746458232	32752	-2.91888512328933
ACACAC	4.15552565736676	42366	8.51424372859712
ACACAG	8.04440713536202	47650	17.4798166988402
ACACCA	6.49663990379515	28273	10.8739196857007
ACACCC	13.0683232009048	28292	21.88079365267
ACACCG	9.58735332464146	7670	8.35810444428973
ACACGA	3.18616116967018	5882	2.43243716117859
ACACGC	13.5083028894055	9033	12.7799211474077
ACACGG	3.98515497553018	9195	3.80392951314389
ACACGT	5.44368744724467	8293	4.93469589130363
ACACTA	0.555049108980771	17003	0.720452854321396
ACACTC	5.50756615098487	23658	8.43257310515032
ACACTG	9.01332650632421	36131	17.0544011261545
ACAGAA	-1.35986884745892	52458	-3.10037530015581
ACAGAC	6.37685344682001	29607	10.9223230377204
ACAGAG	6.52174267100977	49120	14.3881254891119
ACAGCA	10.6866274465437	44195	22.3634404642809
ACAGCC	12.1607642830117	39645	24.1027424772056
ACAGCG	16.9641539272536	11382	18.0157718841909
ACAGGA	5.75563364973553	41403	11.6579027295311
ACAGGC	11.915559053282	34308	21.9696684609768
ACAGGG	5.95567627145332	38106	11.5728185456319
ACAGGT	-3.81660403281205	24747	-5.97653907226506
ACAGTA	-1.65940681904601	23669	-2.5412898643054
ACAGTC	5.55984425258168	23628	8.50721651512591
ACAGTG	8.50125982526771	36513	16.1703130389134
ACATAA	-13.7315426281813	26954	-22.4410059328738
ACATAC	-5.53044330682932	18362	-7.45987096221782
ACATAG	-4.98070677602245	18167	-6.68257685033124
ACATCA	3.48035933489566	26883	5.68033999096169
ACATCC	1.59976365784929	22002	2.36210003396338
ACATCG	3.87395512538495	4546	2.600043897941
ACATGA	0.847984112709835	26688	1.37897727497037
ACATGC	6.66333176228631	23339	10.133137553705
ACATGG	3.78567837391367	27846	6.28834705676698
ACATGT	1.09369682621884	13517	1.26575160810217
ACATTA	-9.65500178848217	25161	-15.2450090498157
ACATTC	-2.87671356747567	27647	-4.76137082996752
ACATTG	-2.01078089862868	22679	-3.01431115398321
ACCAAA	-6.60672469809354	32626	-11.8789896833703
ACCAAC	3.56502339754054	18378	4.81086186567568
ACCAAG	3.30565120159029	28171	5.52292998466096
ACCACA	15.7845526094154	34433	29.1562111883352
ACCACC	7.19787081767759	27945	11.9775359770813
ACCACG	13.9075749605471	9505	13.4970497627655
ACCAGA	10.1750713758702	31173	17.8829080387973
ACCAGC	12.5542083198968	31010	22.0065312616823
ACCAGG	6.45831447963802	35360	12.08889751667
ACCATA	-3.62733599690682	15518	-4.4979750137286
ACCATC	9.09383465670247	21410	13.2454514879423
ACCATG	4.13667411561327	23717	6.34150829237737
ACCCAA	2.05927349756786	25492	3.27285951712402
ACCCAC	6.10832642229225	30145	10.5570179602781
ACCCAG	7.17777159549311	43134	14.8392134063049
ACCCCA	0.0590368513679292	37502	0.113805114712915
ACCCCC	-3.14730887898526	29170	-5.35080298400367
ACCCCG	1.30310451879959	14495	1.56170765731331
ACCCGA	3.64156845627819	6873	3.0051975735713
ACCCGC	11.3026563973593	12724	12.691230575099
ACCCGG	6.79268111638955	13472	7.84817436277823
ACCCTA	0.157607667570466	15859	0.197572557022942
ACCCTC	2.25452994753951	31071	3.9558972530522
ACCCTG	6.3343600637281	37660	12.2364174091499
ACCGAA	-2.90644171779141	5216	-2.08949717835533
ACCGAC	6.2054180887372	4688	4.22937533183426
ACCGAG	6.78985674676525	8656	6.28826180133492
ACCGCA	12.7626001550788	7738	11.1754470460055
ACCGCC	17.4668264769564	12932	19.7723474199996
ACCGCG	16.7191235059761	7781	14.680558997631
ACCGGA	12.9897534897535	6734	10.6108174888334
ACCGGC	11.7668631674413	8821	11.0009703293074
ACCGGG	3.64230617088608	10112	3.64591348698354
ACCGGT	6.30375335120643	1865	2.70987968489471
ACCGTA	4.56929824561403	3420	2.65995284848889
ACCGTC	8.24335977923422	5798	6.24819736706058
ACCGTG	6.85989717223651	8169	6.1718225788133
ACCTAA	-8.28955383834395	17729	-10.9871399290157
ACCTAC	-1.02220754848126	14387	-1.22049381959444
ACCTAG	0.00674471875795579	15716	0.00841678501274723
ACCTCA	3.30898141775637	29060	5.61504850677674
ACCTCC	3.91019312996815	34847	7.26594799441935
ACCTCG	4.59336728507336	8247	4.15231745781346
ACCTGA	-0.670753588516744	26752	-1.09207511695514
ACCTGC	3.81192830084081	32469	6.8373932514897
ACCTGG	-1.99697453105231	36358	-3.7903900012573
ACCTTA	6.42209472381596	17778	8.52372710625802
ACCTTC	-1.09395720583491	27901	-1.81895350039872
ACCTTG	1.1414711374523	24634	1.78337954998495
ACGAAA	-8.84275962944904	6153	-6.90466570140278
ACGAAC	0.30990203865502	3777	0.18958732753212
ACGAAG	0.996197445831542	6969	0.827831666644969
ACGACA	3.45075125208681	4792	2.37784443232163
ACGACC	3.64933958244568	4694	2.48884126870518
ACGACG	10.6664156626506	2656	5.47197265279443
ACGAGA	8.51065860642698	6286	6.71678948690209
ACGAGC	7.8635231316726	5620	5.86808918182562
ACGAGG	5.92572160927226	8973	5.58755044992542
ACGATA	13.5326860841424	3090	7.48815156907051
ACGATC	19.5343398460628	3378	11.3016002229902
ACGATG	3.69417122040073	5490	2.72467415282912
ACGCAA	10.7306324110672	5060	7.59822159882788
ACGCAC	13.9689137515933	7061	11.6844189584381
ACGCAG	13.7773323936217	11351	14.6114587821437
ACGCCA	15.7967947149499	8174	14.2166630445796
ACGCCC	17.958786195954	12605	20.070573588089
ACGCCG	16.1916005014626	7179	13.656302731322
ACGCGA	22.3910216718266	3230	12.6673727574995
ACGCGC	23.5266896826451	7531	20.3235011801754
ACGCGG	13.2248365175023	7799	11.6257545957275
ACGCGT	14.0593108018555	1509	5.43650799094684
ACGCTA	9.82178350792372	3723	5.96551928976854
ACGCTC	10.8855848759354	7617	9.45703780728662
ACGCTG	13.9177303117131	11517	14.8678947915988
ACGGAA	6.91831076724693	7755	6.06460258315187
ACGGAC	4.90766882869134	5242	3.53700062107309
ACGGAG	6.08550309966619	10485	6.20286150394985
ACGGCA	9.85572916666667	7680	8.59766956370205
ACGGCC	9.00077504359621	10322	9.10276254710277
ACGGCG	16.4625429040442	6701	13.4146117548959
ACGGGA	3.97342563644485	8956	3.74311793781678
ACGGGC	10.6100263273366	9116	10.0839341009681
ACGGGG	3.28267376122381	12028	3.5837343762733
ACGGGT	4.55469897209985	5448	3.34649058513449
ACGGTA	4.31136806910003	3589	2.57106590478807
ACGGTC	6.06815061776819	5099	4.31330567663074
ACGGTG	8.76992585727526	8632	8.11078737874662
ACGTAA	-2.99250359416717	4869	-2.07857618467324
ACGTAC	2.63841039589	3309	1.51078307953472
ACGTAG	4.32332979851538	4715	2.95508919459665
ACGTCA	25.1052358735096	7716	21.9518837756799
ACGTCC	7.61307571652645	7013	6.34634164096616
ACGTCG	17.869573283859	2695	9.23432054246373
ACGTGA	15.6281449178128	8943	14.7116174797327
ACGTGC	15.7905343159834	8684	14.6476553340627
ACGTGG	12.1000627106687	12757	13.6042084561363
ACGTTA	4.10797342192691	4816	2.83780299880523
ACGTTC	2.68744669964182	5863	2.04838310806415
ACGTTG	5.38590245639018	5618	4.01846999767585
ACTAAA	-15.2592087312415	26388	-24.6744016880746
ACTAAC	-2.04201550387597	12900	-2.30868812626521
ACTAAG	-5.05427668697811	17724	-6.69809437891449
ACTACA	2.2337658993769	19419	3.09857823987435
ACTACC	0.607356857523305	12016	0.662727936708605
ACTACG	6.71287671232877	3650	4.03707188271338
ACTAGA	2.33469162416531	19019	3.20504951650556
ACTAGC	4.55864741106023	11356	4.83570806098002
ACTAGG	2.64587764293757	15986	3.33005219005929
ACTAGT	-3.89535264277532	6111	-3.0311979671782
ACTATA	-16.7192079207921	15150	-20.4848785850579
ACTATC	18.8735556530642	13674	21.9691317292551
ACTATG	-4.287904	15625	-5.3353933807312
ACTCAA	-3.61339815633287	23757	-5.54399712708983
ACTCAC	4.56797092483762	25864	7.31278080270137
ACTCAG	6.43391447089124	35333	12.0386259035452
ACTCCA	3.52898741249549	30427	6.12760914440352
ACTCCC	6.00883333883698	30283	10.4088077190902
ACTCCG	7.5423476082548	8383	6.87412865808175
ACTCGA	1.42656142759094	4371	0.938841458374036
ACTCGC	9.69365985576923	6656	7.87237570259089
ACTCGG	5.80974770642203	8720	5.40041201356664
ACTCGT	4.10708459566535	4291	2.67808455391054
ACTCTA	-4.3932028216766	18287	-5.91376231426308
ACTCTC	0.638385064885789	26354	1.03161433410361
ACTCTG	5.72068457255159	36636	10.8996714341798
ACTGAA	-3.32105770260143	37364	-6.39020046088399
ACTGAC	6.55358796806775	22673	9.82301950451128
ACTGAG	3.71205413432711	35689	6.98060187842539
ACTGCA	10.4669025133959	33779	19.1493021851079
ACTGCC	13.667635267427	32177	24.40492824523
ACTGCG	15.1507608695652	9200	14.465709400057
ACTGGA	3.12481190971666	31235	5.49738325700497
ACTGGC	11.9378018439924	27332	19.6458783654087
ACTGGG	5.21464770312245	36702	9.94446028645807
ACTGGT	4.14222635925343	20949	5.96797307962192
ACTGTA	-1.66688829787234	22560	-2.49222601134527
ACTGTC	6.50506750069282	25259	10.2913242779722
ACTGTG	8.46051796018664	36219	16.0278975765701
ACTTAA	-13.6295097849254	25805	-21.7943312065524
ACTTAC	-5.45664791234823	16885	-7.0581005915459
ACTTAG	-5.58366555328089	18562	-7.57256762795872
ACTTCA	-4.06856712495593	31203	-7.15403466486653
ACTTCC	7.46006963634354	36188	14.1265643238989
ACTTCG	1.08756647716853	5453	0.799438280849642
ACTTGA	-2.0217463000371	24257	-3.13441560018828
ACTTGC	6.82190595249544	20798	9.79327373755113
ACTTGG	1.98687218565986	28870	3.36050620092275
ACTTTA	-12.0347164591978	28920	-20.3725966130761
ACTTTC	-6.8939640372278	33201	-12.5042018288902
ACTTTG	-4.43284817440735	32017	-7.89558937583872
AGAAAA	-14.268053573389	91090	-42.8658521278487
AGAAAC	-3.28527905333804	45296	-6.96006939517526
AGAAAG	-3.25336112163698	65975	-8.31827647571473
AGAACA	0.502814281285031	41929	1.02488759305492
AGAACC	2.56081003115505	25999	4.11023888357709
AGAACG	3.78541357107479	8076	3.38628002650226
AGAACT	-0.320278437622151	33257	-0.581407481006824
AGAAGA	-1.0225102319236	55708	-2.40235854496377
AGAAGC	3.39594029283134	42072	6.93374720601228
AGAAGG	1.23001490996674	52314	2.8004686738235
AGAAGT	-2.96066348137691	36836	-5.65635499458446
AGAATA	-14.2956009709029	33371	-25.9955138736559
AGAATC	-0.303032566477439	26776	-0.493598160766549
AGAATG	-1.25621235892505	39518	-2.48583282960252
AGACAA	-1.56820002967799	33695	-2.86546802847556
AGACAC	5.76779508302227	31076	10.1212408095677
AGACAG	8.5093671713321	45905	18.148412354126
AGACCA	3.67660599956838	27802	6.10234124853919
AGACCC	-4.46082983822648	26704	-7.25629943492002
AGACCG	7.50514212255392	7001	6.2510120870311
AGACCT	0.960288472289519	26831	1.5657828219453
AGACGA	4.22086588541667	6144	3.29335491316644
AGACGC	12.8847990862839	9631	12.5870721455611
AGACGG	6.88852256336287	9706	6.75550170369109
AGACGT	6.6958273381295	6950	5.55658583629223
AGACTA	-2.14117305458769	17220	-2.79691792349351
AGACTC	2.29331430900938	24530	3.57539257568811
AGACTG	6.8261500463106	32390	12.2290489506397
AGAGAA	-4.22907681635854	66314	-10.8407558915131
AGAGAC	1.60334950605016	34214	2.95217098101193
AGAGAG	3.0346787756475	59460	7.36608216301996
AGAGCA	7.08836327905671	42744	14.5879721904829
AGAGCC	7.17650363268669	40053	14.2968978243204
AGAGCG	13.3224268332785	12164	14.6262478524938
AGAGCT	6.12737159831354	41744	12.4618531473953
AGAGGA	1.840652005268	55429	4.3137163958958
AGAGGC	8.79457531412316	46399	18.8573456582525
AGAGGG	4.99723875920414	51064	11.2408433222079
AGAGGT	0.602245844726415	32549	1.08156846567487
AGAGTA	-3.27804567373305	21982	-4.83793446675983
AGAGTC	3.75295221709549	25574	5.97425484528739
AGAGTG	5.22735604093478	32735	9.41455144799632
AGATAA	74.3964738684406	65993	190.244743891474
AGATAC	10.9931274900398	20080	15.5065255093976
AGATAG	38.7200448361163	25872	61.9957947662035
AGATCA	21.9143078642772	27733	36.3276716463552
AGATCC	13.663353697456	21934	20.1431603298863
AGATCG	31.9898950641275	5146	22.8433127354106
AGATCT	30.801494062061	15662	38.3713228603086
AGATGA	6.55548838187362	38044	12.7279809789008
AGATGC	13.7857440817603	28767	23.2749564880286
AGATGG	16.9525173198609	39983	33.7429667747901
AGATGT	7.80923771377711	31458	13.7875016084286
AGATTA	19.6648767478737	27748	32.6075711622139
AGATTC	2.92832448450426	24297	4.54367128679105
AGATTG	19.3504994983205	22923	29.163475995944
AGCAAA	-1.77981701339723	45905	-3.7959171843992
AGCAAC	8.81200228692777	24487	13.7263089871182
AGCAAG	8.20896589658967	36360	15.5815898298369
AGCACA	9.71436802681892	38182	18.8953642505371
AGCACC	9.94761872638965	29648	17.0501502827651
AGCACG	11.474167093798	9755	11.2809632907732
AGCAGA	14.1070801581943	51835	31.971282986958
AGCAGC	15.3594555231907	53556	35.3827241164583
AGCAGG	10.1566678444573	53773	23.4447044445824
AGCAGT	10.2993269314456	34469	19.0341972367787
AGCATA	-1.29565375239873	19281	-1.79087433877973
AGCATC	9.53007059721428	26205	15.3567593596173
AGCATG	8.90582168074207	28892	15.0686441587249
AGCCAA	9.72171045149551	35172	18.1489955165045
AGCCAC	14.1354286611536	38212	27.5055445052388
AGCCAG	12.7101664684899	53824	29.3528721281104
AGCCCA	7.4406670648229	43534	15.4538800800797
AGCCCC	3.14121358913889	47067	6.78370737160358
AGCCCG	7.29065723890113	17254	9.5328543331641
AGCCGA	9.34981373070783	9395	9.0211671572645
AGCCGC	14.9818264546866	18681	20.3833800172428
AGCCGG	9.98335311740432	17691	13.2179469034919
AGCCGT	9.0157397038696	8037	8.04562391100741
AGCCTA	6.33663312777237	18486	8.57613121116639
AGCCTC	8.25536822386138	42705	16.9819356769084
AGCCTG	12.4478329202684	49629	27.6040554876773
AGCGAA	3.73720788147243	6547	3.0100922502025
AGCGAC	13.2829638273046	6856	10.9481760780364
AGCGAG	9.50130847235853	12228	10.4585749329901
AGCGCA	15.0487444608567	9478	14.5837764609905
AGCGCC	19.1487897212344	17434	25.1681463091388
AGCGCG	20.7851136851137	11655	22.3367468510212
AGCGCT	15.4401801801802	5550	11.4501251803151
AGCGGA	13.777138002643	10594	14.1156334441043
AGCGGC	15.3660904638433	17355	20.1505578519344
AGCGGG	7.94671056465241	17161	10.3626318682984
AGCGGT	12.3637381085618	7148	10.4052722575287
AGCGTA	7.7599080987938	3482	4.55808416719228
AGCGTC	13.9055261610817	8505	12.7654451681801
AGCGTG	12.4431873836811	10209	12.515108591444
AGCTAA	0.865831640713159	22155	1.28286426798835
AGCTAC	4.87804317868627	17416	6.40812872701947
AGCTAG	5.37065699751056	18478	7.26718601972309
AGCTCA	6.48119140343286	34665	12.0119033362869
AGCTCC	7.4383489303171	40713	14.9401335199597
AGCTCG	7.01692579115669	9069	6.65178132672471
AGCTGA	14.2526418881339	41353	28.8509596235136
AGCTGC	15.6180419871129	48110	34.1000992922958
AGCTGG	11.6339196940727	52300	26.4842869783503
AGCTGT	12.9800564772326	39662	25.7321021216754
AGCTTA	9.53972954298687	20262	13.5172578080261
AGCTTC	2.97802610302611	34632	5.5166910836879
AGCTTG	7.90613382899629	26900	12.9077837409077
AGGAAA	-4.48654068750168	74298	-12.1733904370031
AGGAAC	4.04100733004059	31787	7.17176067051954
AGGAAG	4.61670179135933	72124	12.3419307225954
AGGACA	3.74682551727627	39534	7.41583788560263
AGGACC	1.61436170212766	26320	2.60708486068425
AGGACG	7.48172062568207	10996	7.80962592257521
AGGAGA	6.69972277363269	58436	16.1216115185769
AGGAGC	6.33662116679133	42784	13.0469745607431
AGGAGG	6.68941874744167	68404	17.4156830051915
AGGAGT	3.00720999098751	31068	5.27632796979355
AGGATA	2.24673307136983	21886	3.30861363055612
AGGATC	10.7558438467032	21005	15.5173376588079
AGGATG	2.79705472289997	34428	5.16616460282076
AGGCAA	6.14742852332987	35641	11.5526018845452
AGGCAC	10.8711730974827	30867	19.0123149906004
AGGCAG	12.3005228878084	65406	31.3143749588095
AGGCCA	9.76475319422741	43516	20.2766933853708
AGGCCC	8.48424787133396	42280	17.3656968978297
AGGCCG	9.45212765957447	17860	12.5742382506194
AGGCCT	9.88548387096774	21700	14.4956995159619
AGGCGA	11.2873711340206	10088	11.2851340175317
AGGCGC	17.4333809183916	16812	22.50104505736
AGGCGG	16.0747436589315	24089	24.8350375471446
AGGCGT	14.4487441754745	8799	13.4914348218786
AGGCTA	5.02419828184196	18741	6.84659328915804
AGGCTC	7.30442561474823	34933	13.5898727995187
AGGCTG	13.0884266830199	58704	31.5669535240117
AGGGAA	-1.36999189700189	55535	-3.21375500235859
AGGGAC	3.52710260271026	32543	6.33371132726536
AGGGAG	7.66269768577884	65508	19.5227162012121
AGGGCA	10.5961559570591	45551	22.511720013361
AGGGCC	8.90781405269154	41259	18.0111677307505
AGGGCG	19.0284652204909	19638	26.5438410302045
AGGGCT	8.64277016056287	44344	18.1168119200511
AGGGGA	2.47027964890794	48990	5.44266017906056
AGGGGC	5.51473577235773	45264	11.6791854105905
AGGGGG	4.22399689914192	37409	8.13248028794445
AGGGGT	0.325232430954336	29256	0.553748672418064
AGGGTA	0.465517241379313	18821	0.635723838537417
AGGGTC	-4.61346922462031	25020	-7.26411414101785
AGGGTG	10.749533245376	40171	21.4465435029865
AGGTAA	-11.3806853975054	23811	-17.4810942631605
AGGTAC	-3.89494036863029	13835	-4.56038778605884
AGGTAG	-2.85866470750298	21778	-4.19936472497586
AGGTCA	4.00558932439041	28626	6.74618324213732
AGGTCC	1.45781012383228	23015	2.20149564448967
AGGTCG	3.12175470008953	6702	2.54397222322492
AGGTGA	-1.91429029157321	34331	-3.53071288744409
AGGTGC	4.50980317940954	26420	7.29684925288775
AGGTGG	4.74877728466625	44164	9.93407378872816
AGGTGT	-1.56129982328686	25465	-2.48010192757483
AGGTTA	-1.55023051356277	18654	-2.10762647944406
AGGTTC	2.3786365818531	20830	3.41730787832515
AGGTTG	4.34819266499362	22713	6.52315065136796
AGTAAA	-13.5945450277297	34079	-24.9815555703753
AGTAAC	-2.3008837337752	18105	-3.08180614994395
AGTAAG	-1.73055681303757	22090	-2.56032500957538
AGTACA	-1.0510594393276	19869	-1.47477803542939
AGTACC	-0.29682361434186	12467	-0.32990645103725
AGTACG	5.24213640610402	3211	2.95692187006596
AGTACT	-1.23936608931306	8487	-1.13654880394703
AGTAGA	1.50339270568279	23580	2.29803012837367
AGTAGC	4.6804488718195	16664	6.01434743963215
AGTAGG	2.5947263184204	20005	3.65318961039654
AGTAGT	-2.62016070124178	16428	-3.34296365330848
AGTATA	-18.5059663079083	17096	-24.0863171665899
AGTATC	3.48006185431335	15197	4.27048571963698
AGTATG	-3.36390176367904	16613	-4.31597297055399
AGTCAA	-2.56395716514187	23719	-3.93070392111259
AGTCAC	9.2491222234542	27057	15.1443876745407
AGTCAG	8.53587712982964	33336	15.513731752041
AGTCCA	2.17998238802386	24983	3.42994106657091
AGTCCC	4.84365098708262	28721	8.17116536636976
AGTCCG	8.40734185008465	6497	6.74569217220216
AGTCCT	3.25719348441005	30757	5.68626273871098
AGTCGA	7.04711328976035	3672	4.2508322679432
AGTCGC	12.2307195869635	6198	9.58493504860542
AGTCGG	5.40449205252246	7235	4.57599487450856
AGTCGT	6.45266272189349	4563	4.33885941644562
AGTCTA	-3.34712423771373	16726	-4.30902742309136
AGTCTC	2.04158772614139	26919	3.33433235315878
AGTCTG	6.32635281741075	30418	10.9832309414057
AGTGAA	-3.08425983407641	35438	-5.77958877769123
AGTGAC	9.23689198923305	26377	14.9330989905387
AGTGAG	6.67939097335509	36780	12.7512895279522
AGTGCA	10.3146736353991	25447	16.3789163568328
AGTGCC	11.5420492639557	27444	19.0334715833015
AGTGCG	16.9495956873315	7420	14.5335823176341
AGTGCT	9.48161345959843	30729	16.5450406716912
AGTGGA	2.55541224801758	31401	4.50758671811853
AGTGGC	12.3974768548703	30676	21.6144430729796
AGTGGG	3.34697739527167	38576	6.54369057105437
AGTGGT	5.95681235991034	24984	9.37251803300473
AGTGTA	-2.55452686584119	17606	-3.37405534688883
AGTGTC	6.06368169540827	24065	9.36355374542071
AGTGTG	9.50717403001136	33454	17.3095927097883
AGTTAA	-10.0927027637623	26558	-16.3725583003904
AGTTAC	-4.55025715563506	17888	-6.05798527653157
AGTTAG	-0.166276933355601	17961	-0.221824055860656
AGTTCA	-2.5308723869626	27889	-4.20724785518748
AGTTCC	3.82693751877441	26632	6.21676773315167
AGTTCG	1.33947119924457	4236	0.867806172462551
AGTTGA	0.234341442033752	22815	0.352347109982397
AGTTGC	7.59152887306029	19655	10.59441915565
AGTTGG	3.49138068001271	25176	5.51444676342627
AGTTGT	-0.0413837011884526	23560	-0.0632307527036423
AGTTTA	-9.62278850550456	28431	-16.1513336030627
AGTTTC	-3.59855790498098	33909	-6.59625392522611
AGTTTG	-2.40581780403869	30802	-4.20304047118111
ATAAAA	-15.692554228808	62559	-39.0705852022464
ATAAAC	-2.67772996981158	28819	-4.52498987660857
ATAAAG	5.35860709592642	38050	10.4049650191404
ATAAAT	-19.9112825781093	44777	-41.9409353267176
ATAACA	17.2152529132218	30722	30.0365140904767
ATAACC	12.7549614614311	16477	16.2978231414435
ATAACG	28.0561590267217	4603	18.9478562416496
ATAACT	-0.452633139855101	23603	-0.692215516732632
ATAAGA	34.5364832370581	36181	65.3927760635936
ATAAGC	38.6132556755378	23522	58.9501510975104
ATAAGG	48.4107130855568	29758	83.1294158261543
ATAAGT	2.83910584032154	20153	4.0120174622496
ATAATA	-19.5628598848369	31260	-34.4300941509249
ATAATC	0.672363986519021	20770	0.964570711726695
ATAATG	-1.10430499817584	27410	-1.81993105032075
ATACAA	-13.9472775127488	24316	-21.6494510484774
ATACAC	-7.54296395491574	17922	-10.0518650166844
ATACAG	-3.17434088377274	24237	-4.91931205901854
ATACAT	-19.0861041592182	25173	-30.1436720753724
ATACCA	0.50949016713239	18967	0.69846799046081
ATACCC	-2.24775866246668	12381	-2.48965357438411
ATACCG	10.4502743484225	2916	5.61736741794875
ATACCT	-11.6086464200685	17221	-15.1642922602885
ATACGA	-4.85538510706296	3129	-2.70357139349636
ATACGC	8.19829424307037	2814	4.32909311342046
ATACGG	4.42160228898426	3495	2.60204405635011
ATACGT	-5.80290360046457	4305	-3.79003580623
ATACTA	-15.7113539445629	15008	-19.1595984176387
ATACTC	-6.24837524724498	14156	-7.40029034583555
ATACTG	-0.410544040221977	21083	-0.593386054374794
ATAGAA	-13.3684192695982	29518	-22.8630886883525
ATAGAC	-4.07006443599099	12881	-4.59819573295454
ATAGAG	1.76117184503261	20856	2.53179549146681
ATAGAT	11.0894732036885	21906	16.338186024776
ATAGCA	9.27663817663818	22815	13.9480094665461
ATAGCC	6.90854578096948	13925	8.11513260670026
ATAGCG	26.6510446075664	3542	15.7888280015211
ATAGCT	1.21157079533296	19627	1.68961258823948
ATAGGA	0.341127511840716	21747	0.500757892363965
ATAGGC	12.3611847922193	13572	14.3348582726698
ATAGGG	9.10918800669155	15542	11.3043214093329
ATAGGT	-8.03861003861004	13468	-9.28632532341478
ATAGTA	-10.7572962300241	16207	-13.6321960538577
ATAGTC	-1.98134001750616	12567	-2.21098704438839
ATAGTG	5.8691307201241	16761	7.56371444696171
ATATAA	-25.0054355075363	29988	-43.1041964141829
ATATAC	-21.5908769656635	16979	-28.0051379217396
ATATAG	-16.0383666999354	17033	-20.836131574197
ATATAT	-29.712144873566	16649	-38.1627321949877
ATATCA	1.87730220492867	23130	2.84206093860717
ATATCC	-6.82639539971247	15999	-8.5950664418631
ATATCG	8.52087435998425	2539	4.2739249452096
ATATCT	7.54466307777984	26935	12.3256468198871
ATATGA	-7.21109693877551	23520	-11.0085817436958
ATATGC	-2.30600758238554	17145	-3.00566694220071
ATATGG	2.10708011711472	18785	2.87473639825475
ATATGT	-13.5453233142179	25285	-21.4403679256067
ATATTA	-25.2679160097463	27908	-42.0189466258433
ATATTC	-18.5843993885268	24858	-29.1670832367915
ATATTG	-13.3385504050621	20861	-19.1773049770476
ATCAAA	-4.7351787271142	32116	-8.4471164166026
ATCAAC	9.89168825052979	16988	12.8337308142668
ATCAAG	11.8778276709311	23606	18.1660121578918
ATCACA	9.6818805541035	30608	16.8612037276681
ATCACC	13.0768592756428	21702	19.176295297964
ATCACG	19.4323118370096	5939	14.9070776211398
ATCACT	10.9043613707165	27285	17.9297235622786
ATCAGA	31.4052859939679	37798	60.7782991083423
ATCAGC	36.5595070917006	28484	61.4203376253431
ATCAGG	21.9341422062096	28311	36.737503357989
ATCAGT	25.6803881953965	27718	42.559244385878
ATCATA	-5.4824936174647	19193	-7.56068153580241
ATCATC	9.59233434387182	23090	14.5093398542613
ATCATG	6.87974054151788	22123	10.1860416715976
ATCCAA	-5.61102678571428	22400	-8.35945049426097
ATCCAC	4.14930278884462	20080	5.85286303644977
ATCCAG	3.93993600435716	29377	6.72208915826295
ATCCCA	-0.721778395276135	28790	-1.21909090113563
ATCCCC	1.21275495428406	24171	1.87685942554329
ATCCCG	7.71520618556701	7760	6.76534232325915
ATCCCT	0.94408551413742	27551	1.55988074210655
ATCCGA	6.21821981804771	4067	3.94743089498493
ATCCGC	18.1538263995891	5841	13.8109375115695
ATCCGG	12.2152653061225	6125	9.51628257760985
ATCCGT	5.35977434952798	4343	3.51603184382442
ATCCTA	-2.70308742099669	17879	-3.59785024697898
ATCCTC	2.48854872633793	25674	3.96921200531901
ATCCTG	6.97825951438457	32083	12.4421657083381
ATCGAA	-2.54637511006751	3407	-1.47951654604029
ATCGAC	7.31121419927391	2479	3.62359081572353
ATCGAG	10.632335184738	4141	6.81071415906176
ATCGAT	4.40214477211796	1492	1.69262250769461
ATCGCA	21.6534259048486	4393	14.2862616178156
ATCGCC	26.0955533758378	6117	20.3164175564834
ATCGCG	34.2056464054304	3241	19.384236354259
ATCGCT	22.6378543635353	5397	16.55475850313
ATCGGA	15.0709201830198	3934	9.40953856708648
ATCGGC	24.2598612917209	4614	16.4035742050092
ATCGGG	17.9208178438662	5380	13.0845967373657
ATCGGT	12.1920245398773	3260	6.92940599158051
ATCGTA	1.24956339504017	2863	0.665549478535247
ATCGTC	11.6080347448426	3684	7.01342067346945
ATCGTG	14.4637964774951	5110	10.292103176583
ATCTAA	9.4612652232747	23648	14.4829757819498
ATCTAC	21.5254913294798	17300	28.183018378772
ATCTAG	22.0158461538462	19500	30.6030045239992
ATCTCA	20.9599752809635	34791	38.9166636763037
ATCTCC	31.8479106750127	35466	59.7033128874796
ATCTCG	30.5011356262167	6164	23.8373900850559
ATCTCT	28.0808231093206	43688	58.4254807432439
ATCTGA	32.0086334219501	37239	61.4861806730418
ATCTGC	33.5574892092938	32667	60.3747665589907
ATCTGG	26.2697722075376	33671	47.983916577161
ATCTGT	23.8984271887373	36368	45.3670362225787
ATCTTA	16.1441760006116	26159	25.9918882735214
ATCTTC	15.3338417857251	33107	27.7729665691443
ATCTTG	25.4200799866689	30005	43.8313762731224
ATGAAA	-13.4836249897784	48916	-29.685441509472
ATGAAC	-3.90166296593754	21167	-5.65055082159568
ATGAAG	-3.55787635248346	35213	-6.64589909885638
ATGACA	1.87857991289429	30308	3.25551493912733
ATGACC	0.240069329999434	17597	0.317005922833058
ATGACG	15.8441594390109	5419	11.6102122322146
ATGACT	3.53468056388723	26672	5.74631384647545
ATGAGA	1.44621559633028	34880	2.68864001512362
ATGAGC	5.00948408444797	21457	7.30447287763692
ATGAGG	1.78375308321434	30812	3.11677936902989
ATGAGT	-0.577788271657935	23294	-0.877813259488542
ATGATA	11.0742808247087	24542	17.2695844409793
ATGATC	4.83303378864127	16692	6.21563349669729
ATGATG	0.532396756552898	26515	0.862963835189017
ATGCAA	-0.989257444402561	26530	-1.60394447977722
ATGCAC	5.89395481375941	19652	8.22472827448257
ATGCAG	8.58178517397881	33050	15.5301177907145
ATGCAT	-3.89554877068938	12446	-4.32608375482901
ATGCCA	7.06385281385281	29568	12.0910493935486
ATGCCC	5.47846683893196	23220	8.3100095712681
ATGCCG	10.6946518492794	5759	8.07888766808475
ATGCCT	6.15109928581431	28564	10.3484100335132
ATGCGA	5.87493067110372	3606	3.51177745345761
ATGCGC	25.8857213683689	6051	20.0440384744793
ATGCGG	9.40829332891905	6041	7.27908257629862
ATGCGT	10.7129293791338	4687	7.30074362399986
ATGCTA	0.365757951259812	19368	0.506696078772094
ATGCTC	3.17350772554361	21293	4.60966501203599
ATGCTG	10.3591282732126	35401	19.401814809074
ATGGAA	-7.31564291788977	36451	-13.9033226623525
ATGGAC	1.23598531936305	16893	1.59910905496874
ATGGAG	2.22097290999126	34330	4.09629798760411
ATGGAT	-5.09482839240624	21386	-7.41661475294215
ATGGCA	9.81968141936737	30887	17.1789510139715
ATGGCC	9.69588484194807	24106	14.9851606748218
ATGGCG	22.4662971175166	9020	21.2395908283776
ATGGCT	6.63996815826023	29521	11.3564582384105
ATGGGA	0.589574946907987	31549	1.04242111243975
ATGGGC	9.79336934739044	22954	14.769734942511
ATGGGG	3.35728583492322	31973	5.97573583923997
ATGGGT	3.17609216770217	20441	4.52017808109637
ATGGTA	-1.95332136445242	17824	-2.59589825211095
ATGGTC	-0.513358046785119	15646	-0.639195068884153
ATGGTG	6.76172421409115	27166	11.0938344506438
ATGTAA	-12.6817144893958	28055	-21.1443572071374
ATGTAC	-4.63499999999999	15000	-5.65075850137869
ATGTAG	-1.15346688810463	19268	-1.59380369705459
ATGTCA	0.0343078123891318	28186	0.05733517327747
ATGTCC	1.29832218019591	20622	1.85591997854496
ATGTCG	4.49870331950208	3856	2.78078392959963
ATGTCT	-1.68974412243343	28881	-2.85850158146088
ATGTGA	1.63434175105756	31204	2.87381884990138
ATGTGC	8.00331825675276	23657	12.2535323374391
ATGTGG	7.32397074585461	31722	12.9848895663632
ATGTGT	-0.966104734576755	33456	-1.75902737102424
ATGTTA	-4.48828349350997	26117	-7.22026777008434
ATGTTC	-2.66254548461793	24184	-4.12166302046925
ATGTTG	-1.06662056247118	23859	-1.64001359994699
ATTAAA	-22.3147228205917	45494	-47.3783505998609
ATTAAC	-11.1928127863178	19646	-15.6166432264861
ATTAAG	-10.3931335623526	24161	-16.0810847296519
ATTAAT	-21.6487735970207	15574	-26.8933412621673
ATTACA	-6.85559566787003	26592	-11.1283832988869
ATTACC	-3.96660861410677	14929	-4.82443088186728
ATTACG	1.12038140643624	3356	0.646082901918501
ATTACT	-9.48006447234475	23576	-14.4896445374153
ATTAGA	-1.49148768472906	25375	-2.36501596218651
ATTAGC	5.70783114102171	16345	7.26398532465985
ATTAGG	0.948838935425726	18862	1.29717254133484
ATTAGT	-10.778947069836	17627	-14.2454745327538
ATTATA	-24.0592198847046	26714	-39.1437456892057
ATTATC	20.2900098716683	25325	32.1416645651848
ATTATG	-11.4647064033301	22582	-17.1496601465668
ATTCAA	-12.8202526542131	29764	-22.0167702815962
ATTCAC	-5.37795851622342	23238	-8.16071480426359
ATTCAG	-3.33627181448721	33464	-6.07521610856742
ATTCAT	-13.8748219535109	32997	-25.0885768282943
ATTCCA	-6.65701037553943	32673	-11.9780223552495
ATTCCC	-5.74123649233781	26559	-9.31370922718814
ATTCCG	0.056735496558509	5085	0.0402727900403099
ATTCCT	-6.4330476554397	36638	-12.2572777369581
ATTCGA	-6.54177621969033	3423	-3.8098731179311
ATTCGC	4.46886294134001	3597	2.66795581732895
ATTCGG	-5.49043168669337	4494	-3.66382233169507
ATTCGT	-4.38860225140713	4264	-2.85263494903494
ATTCTA	-14.119181010652	27131	-23.1501487429571
ATTCTC	-6.75870678413536	31441	-11.9295252308575
ATTCTG	-2.80021370272149	38839	-5.49334120905425
ATTGAA	-14.4820060503674	25453	-22.9990338490422
ATTGAC	-3.9040547246048	14107	-4.61577476997471
ATTGAG	-4.12427829099307	20784	-5.91866702765315
ATTGAT	-5.54213735879236	20006	-7.80312917933845
ATTGCA	3.71857582378383	22427	5.54336674343118
ATTGCC	6.93370105991781	18492	9.38573817575891
ATTGCG	16.1018817994708	3401	9.34741079600816
ATTGCT	3.21034534874934	26466	5.19884999551924
ATTGGA	-4.39226669298722	20263	-6.22374733554243
ATTGGC	15.4961194184302	19327	21.4445312200404
ATTGGG	1.68800622217455	18643	2.2942636380711
ATTGGT	-0.315355868863596	17661	-0.417176601748886
ATTGTA	-11.7855424102667	19948	-16.5695469462999
ATTGTC	-4.66461215481509	18577	-6.32870291415599
ATTGTG	1.97261294059242	24172	3.05287870609152
ATTTAA	-23.490216661977	46201	-50.260185768566
ATTTAC	-16.3422616689119	25238	-25.8434807841059
ATTTAG	-13.0655734694627	27229	-21.4612839878518
ATTTCA	-12.8266878306878	47250	-27.7540783985368
ATTTCC	-4.2814739594276	42837	-8.82092663819514
ATTTCG	-8.29658901830283	4808	-5.72655169939504
ATTTCT	-12.4359050032985	57602	-29.7103355204013
ATTTGA	-10.8097332495573	35014	-20.1347953517699
ATTTGC	-3.07601847963041	28572	-5.17571840927387
ATTTGG	-5.93244116696536	34037	-10.8948299578925
ATTTGT	-12.6305956441879	38110	-24.5445280251449
ATTTTA	-23.7742849523301	59996	-57.9668887346343
ATTTTC	-16.3052644452389	53149	-37.4185345305792
ATTTTG	-15.6874672831966	45848	-33.4367770869125
CAAAAG	-5.08299879081014	41350	-10.2889046474172
CAAACG	4.87802708988918	7309	4.151304285886
CAAAGG	0.880152632787976	39179	1.73418747380062
CAAATG	-3.25796343968588	38457	-6.35982677293869
CAACAG	8.79839684951472	32249	15.7279837593839
CAACCG	16.9892111168652	5793	12.8717132585443
CAACGG	14.4204934886909	5836	10.9660227736306
CAACTG	10.8071372195287	26607	17.5476918661506
CAAGAG	5.85153292151784	35129	10.917266838578
CAAGCG	11.4323464305479	7228	9.67510812656621
CAAGGG	5.801654980734	31662	10.2761976663599
CAAGTG	6.63349355473017	27462	10.942581048416
CAATAG	-1.63247439709283	15135	-1.99916652188373
CAATCG	25.5781750266809	3748	15.5876528461714
CAATGG	4.34442654791795	21109	6.28315347258928
CAATTG	-4.04031815688425	7292	-3.43439524564975
CACAAG	9.12532852086764	28537	15.3448993846147
CACACG	9.37055512918906	11727	10.1011346813299
CACAGG	8.10641771674971	47774	17.6374648191548
CACCAG	13.5632358810617	40088	27.032230918265
CACCCG	9.99228154652316	14122	11.8201814951306
CACCGG	9.01894112277498	10955	9.39665153528649
CACGAG	11.0517199903777	8314	10.0310469272645
CACGCG	17.8807977133948	7697	15.6156121003985
CACGGG	7.12036892293263	12794	8.01709534004499
CACGTG	20.02198421646	7983	17.8074428159208
CACTAG	11.451669489475	16532	14.6569255749135
CACTCG	9.52778482618625	7882	8.42018308838165
CACTGG	8.82013629313195	39327	17.4113355097792
CAGAAG	6.06683795055109	53712	13.9961773143113
CAGACG	14.0251146006047	10253	14.1365448823196
CAGAGG	8.28509586160443	60869	20.3473099280324
CAGCAG	17.4449925174713	68827	45.5576786248094
CAGCCG	15.2723788935836	20354	21.6891710666011
CAGCGG	13.0151730798556	19673	18.171744543622
CAGCTG	20.5001535013662	32573	36.8296313451892
CAGGAG	7.3876481274688	59999	18.0131467435787
CAGGCG	17.2421004192658	19558	24.0029030016261
CAGGGG	5.9160233280188	47668	12.8574463921382
CAGGTG	0.325715577339458	42029	0.664698099005031
CAGTAG	9.47324324324325	22200	14.0503309848607
CAGTCG	11.9174002347418	6816	9.79394576912094
CAGTGG	9.54481265298437	42488	19.5844748993675
CATAAG	-5.06465089103126	17115	-6.59552461353585
CATACG	-1.04536950420954	3207	-0.589292190393011
CATAGG	-2.45685096938442	15319	-3.02695106822769
CATATG	-0.898898014346604	9619	-0.877580091720891
CATCAG	16.075934366454	32910	29.0303013888913
CATCCG	9.77874061236279	6924	8.09977276256429
CATCGG	7.0754179331307	5264	5.11000608607348
CATCTG	19.4814991644784	41890	39.6907160025645
CATGAG	6.17746942793321	26413	9.9938045014371
CATGCG	21.9252857142857	7000	18.2602054915839
CATGGG	4.75976189649787	28811	8.04221674057576
CATGTG	10.1003182277164	32681	18.1758238346418
CATTAG	-1.40860329261816	18830	-1.92408936136852
CATTCG	0.209370572758554	4941	0.146498928123088
CATTGG	6.49814944483346	19994	9.14641532214662
CCAAGG	4.7948253258271	38901	9.41379100702005
CCACGG	6.32828890225163	14967	7.70663971081458
CCAGGG	5.55981457800512	62560	13.8426760976654
CCATGG	4.47935379241517	16032	5.64573639717445
CCCGGG	-0.211788745677458	15905	-0.26587719850031
CCGCGG	12.6661182747888	11245	13.3700997703582
CCGGGG	1.04546471729077	26812	1.70406189476172
CCTAGG	0.510196779964226	11180	0.536994693570713
CCTCGG	1.55292349160274	19292	2.1470890913245
CCTGGG	3.23225411583479	72707	8.67570924754761
CGAACG	4.5960130187144	2458	2.26821160728093
CGAAGG	4.66631578947369	9500	4.52738375018286
CGACCG	11.1592522479886	4226	7.22123070437033
CGACGG	10.953618968386	4808	7.56051254070293
CGAGCG	15.0108578284343	8335	13.6417376389482
CGAGGG	3.1690503073642	15942	3.9830147524043
CGATCG	27.4273153575615	853	7.97387080290582
CGATGG	8.58311284046693	6425	6.84845753553409
CGCAGG	13.7427895392279	20075	19.3826900819556
CGCCGG	15.1733641848749	17071	19.7343461629843
CGCGCG	23.2687043266442	8621	21.5061367362421
CGCGGG	12.6643673630272	20296	17.9597425182033
CGCTGG	11.6914240338804	18890	15.9953876666331
CGGAGG	8.29902147064412	21052	11.9862946083491
CGGCCG	12.7439840293515	9267	12.2119826645603
CGGCGG	12.9815811168482	23047	19.6176133853274
CGGGCG	13.3175558416839	17863	17.7179350239601
CGGGGG	1.65516628134448	22492	2.47096757751157
CGGTGG	9.98824456782507	14589	12.0091787464155
CGTACG	16.3988603988604	702	4.32507461247275
CGTAGG	4.21534500514934	4855	2.92374250475899
CGTCCG	10.9957221081451	5844	8.36739436390276
CGTCGG	12.0822195220737	4938	8.4514970467456
CGTGCG	22.7981457147029	6849	18.781249724546
CGTGGG	6.5874408576391	16697	8.47319754637786
CGTTGG	11.301466096518	6548	9.10333449769179
CTAAAG	-3.12795306801965	25228	-4.94553202495605
CTAACG	4.46301775147929	4056	2.8293649321483
CTAAGG	0.545219075284437	20655	0.780000750550705
CTACAG	8.21141761846422	25303	13.002160627753
CTACCG	13.4817654372151	4826	9.32291671762724
CTACGG	6.9078756476684	4825	4.77644244445066
CTAGAG	6.6781737193764	24695	10.4465673006756
CTAGCG	17.727501046463	4778	12.197813011151
CTAGGG	4.60552880162993	21596	6.73717054246393
CTATAG	-4.30872056015277	6284	-3.39999122610104
CTATCG	31.2670454545455	2816	16.5163679435208
CTATGG	1.49881175734835	15990	1.88661247653149
CTCACG	7.97187117814921	9812	7.86050450477846
CTCAGG	4.40273456014178	48527	9.65440700412414
CTCCCG	8.61476820920605	24397	13.3943976765917
CTCCGG	6.86948881789138	18780	9.37094942436919
CTCGAG	3.52727492155443	4143	2.25999852827688
CTCGCG	19.9554330708661	9525	19.386750828221
CTCGGG	1.92775550551925	18209	2.58944314054017
CTCTCG	6.78126687061364	11114	7.11635182947233
CTCTGG	7.97770987687704	55473	18.7038255907665
CTGACG	15.1772188327386	8687	14.0811617056786
CTGAGG	4.58533929390188	52344	10.442784351336
CTGCAG	14.3943603057839	34665	26.677759352884
CTGCCG	14.7585851103233	18899	20.1964721832268
CTGCGG	12.2167936550372	22443	18.2183513076422
CTGGAG	8.82565533458079	60389	21.5892353734011
CTGGCG	16.3627311099221	16821	21.1248229684557
CTGGGG	3.08729274478472	68213	8.02643635764537
CTGTCG	13.1226122870418	7748	11.4981106242002
CTGTGG	13.0092183705012	54348	30.1893919692926
CTTAAG	-5.26447234789031	10831	-5.45381630339329
CTTACG	2.39867310012063	4145	1.53725074182358
CTTAGG	-1.50489890014888	20821	-2.16157095420734
CTTCAG	4.00818759050908	44885	8.45298372777638
CTTCCG	23.742997335413	15387	29.3172951817421
CTTCGG	3.27760051052967	9402	3.16357052886922
CTTGAG	4.15418682292021	29354	7.0848563298964
CTTGCG	15.7744078567302	6924	13.0660096395226
CTTGGG	3.36332508787918	38405	6.56106152997298
CTTTCG	2.45395496535797	6928	2.03320845456235
CTTTGG	-0.141268945708202	38993	-0.277684352506214
GAAAAC	-8.56384540117416	40880	-17.2359664965979
GAAAAG	-7.87972293334785	55077	-18.4080364011122
GAAACC	1.80310440144589	28218	3.01505589068204
GAAACG	4.07856247388216	9572	3.97209697736325
GAAAGC	0.763346299114946	35478	1.43124027299677
GAAAGG	-1.47542027774877	47885	-3.21385939717972
GAAATC	-4.29911627227578	27384	-7.08172426796134
GAAATG	-3.34273584303377	46991	-7.21308052979367
GAACAC	3.42324878433434	22827	5.14842346573255
GAACAG	6.21851294400964	33220	11.282302395807
GAACCC	1.03974935425237	20906	1.49649583140846
GAACCG	7.03003946791404	6841	5.78800553188437
GAACGC	11.5804913294798	6920	9.58939950180634
GAACGG	5.74117053481332	6937	4.75989829909746
GAACTC	-0.272562828614151	20731	-0.390650273334991
GAACTG	6.00352100924474	29963	10.3445132685318
GAAGAC	-1.93091732729332	28256	-3.23095120933679
GAAGAG	0.990590015128596	49575	2.19551640548553
GAAGCC	5.68467050265986	36844	10.8617565093725
GAAGCG	10.8535419030637	12338	12.0006632536565
GAAGGC	7.22953736654805	35968	13.6483462144481
GAAGGG	2.30317554157342	47362	4.98945874155062
GAAGTC	2.18270658586507	24917	3.42968800085512
GAAGTG	6.65583045084129	34114	12.2371406563133
GAATAC	-10.762706590139	14461	-12.8834460436471
GAATAG	-7.2951946338245	18188	-9.79356330872001
GAATCC	-4.08459499413774	19617	-5.69477639072736
GAATCG	5.7897048884884	4439	3.83981569229466
GAATGC	1.87979193387488	21051	2.71492306054261
GAATGG	-1.7232752920432	27222	-2.83025818568651
GAATTC	-9.88142244518166	12359	-10.9350937720382
GAATTG	-7.00215146299484	20916	-10.0805028414385
GACAAC	4.6002094307292	15757	5.74811900070678
GACAAG	5.96133782753502	24921	9.36780507898921
GACACC	5.95991177406886	21989	8.79739211264715
GACACG	8.35605126941089	8114	7.49255564033504
GACAGC	13.4002554278416	31320	23.6067028016708
GACAGG	5.40192367447248	35401	10.1173689504246
GACATG	3.66813835384545	21857	5.39824216528563
GACCAC	5.52252998143409	19929	7.76054488247671
GACCAG	6.02288930581613	26650	9.78734432041037
GACCCC	-8.48648544882131	26046	-13.633575517937
GACCCG	4.52881743103146	11382	4.80956150790004
GACCGC	11.4306611379866	8682	10.602117671839
GACCGG	6.81794809010774	8168	6.1337056939531
GACCTG	3.25668163352577	28062	5.43057722766127
GACGAC	7.10902255639098	4788	4.89664187401265
GACGAG	7.27278507842306	7077	6.09027257965684
GACGCC	12.3248597631555	11231	13.0017729927804
GACGCG	17.1934523809524	7728	15.0455485326718
GACGGC	11.6878161888702	9488	11.332666019479
GACGGG	5.38469451650416	11179	5.66727030517103
GACGTC	21.6350974930362	3590	12.9037951502279
GACGTG	12.4408374500118	8502	11.4188283627276
GACTAC	5.28308753112431	10442	5.37391793108566
GACTAG	2.63196573135267	12723	2.95519656341045
GACTCC	4.66087448476522	24746	7.29846099053396
GACTCG	6.87240153172867	7312	5.84975929810015
GACTGC	11.0220502146481	23061	16.661451460706
GACTGG	7.50618666666667	28125	12.5307482558294
GACTTG	4.20415369095136	22799	6.31899282861336
GAGAAC	1.80517800532012	27443	2.97678319467926
GAGAAG	0.308206658584354	53615	0.710389528903812
GAGACC	-1.16689245726581	25097	-1.84014953815075
GAGACG	6.96137787056368	10538	7.11353847031396
GAGAGC	6.12559745087627	33894	11.2259019587203
GAGAGG	2.49625169323264	53891	5.76843326650964
GAGATG	11.1860323393191	36921	21.3955855810165
GAGCAC	7.37539275673888	24188	11.4181701777997
GAGCAG	10.0155099894847	49452	22.170545442818
GAGCCC	4.15943540183113	39320	8.21017695313998
GAGCCG	8.8162663998221	17988	11.770299756437
GAGCGC	16.7401516612043	15561	20.7868900400815
GAGCGG	11.250649044135	16948	14.5796864489607
GAGCTC	4.76263944158132	15329	5.86970122142817
GAGCTG	10.1492087638541	50617	22.7295985694539
GAGGAC	2.89151219176669	29077	4.90807516469967
GAGGAG	6.16347907448816	63057	15.4064989042243
GAGGCC	7.49078821779761	45051	15.8267271599996
GAGGCG	13.9551676038534	22941	21.040332967593
GAGGGC	9.91830049732211	41824	20.1911671528644
GAGGGG	1.33139823725321	54347	3.08963477441005
GAGGTC	3.58136062664994	23107	5.41915054465681
GAGGTG	4.3972048972049	38961	8.63978886797497
GAGTAC	0.334272300469486	10650	0.343389153509912
GAGTAG	2.67972608890885	17816	3.56046634922007
GAGTCC	3.27404066020871	24053	5.05452179223058
GAGTCG	8.43547440973749	6819	6.93395847612345
GAGTGC	11.7906999900428	20086	16.634038307172
GAGTGG	4.54563194235965	33310	8.25834389040361
GAGTTG	3.75363691142292	23234	5.69541838311822
GATAAC	66.2313306253626	22403	98.679729168497
GATAAG	94.7510542168676	46480	203.342654872246
GATACC	13.1583839985902	11349	13.953807689396
GATACG	17.2496373658254	3447	10.0811944168989
GATAGC	41.7982493901564	13938	49.121283046644
GATAGG	32.8987560875432	17043	42.7527326039184
GATATC	20.0626221620809	6651	16.2870544087312
GATATG	18.6196191345002	17539	24.5462179649674
GATCAC	14.4294034365146	15539	17.9048748015658
GATCAG	30.4273592453784	23747	46.6745368646344
GATCCC	7.81571909932075	18697	10.6381543030804
GATCCG	13.8427792915531	5505	10.2238233098999
GATCGC	32.3225136612022	4575	21.7626639523183
GATCGG	21.9963029352453	4463	14.6276484639187
GATCTC	24.8066505889992	21562	36.2596852092225
GATCTG	27.2748890532544	27040	44.6455024926291
GATGAC	8.51938102486048	19710	11.9059137889609
GATGAG	6.79113312394297	28973	11.506688493793
GATGCC	11.0082794019192	22405	16.4022450919859
GATGCG	11.7657211209843	5852	8.95946522272412
GATGGC	20.0891083231092	25267	31.7869515381475
GATGGG	8.46390386548478	32829	15.2654962881734
GATGTC	6.18165808723923	18455	8.35936683878922
GATGTG	10.0443756258576	26963	16.4179311631459
GATTAC	14.632324376821	12356	16.1906263108168
GATTAG	30.769687162891	17613	40.649118059942
GATTCC	2.04214907664339	20902	2.93895369215807
GATTCG	5.26012301383906	3902	3.27077682823994
GATTGC	23.0047396717601	14136	27.2265096867438
GATTGG	19.8572827543552	19402	27.5330579671045
GATTTG	1.14245638306049	26022	1.83451532390521
GCAAAG	4.82668157103033	36231	9.14534698574995
GCAACG	18.2260542661001	6118	14.190861923554
GCAAGC	12.5139107236435	20991	18.0476639483452
GCAAGG	7.68343077990289	30273	13.3074331321881
GCAATG	5.71303700948485	21508	8.34023773969563
GCACAG	13.0001205981669	41460	26.3495625232144
GCACCG	14.4764555886103	11765	15.6303818216321
GCACGC	21.5403802710843	10624	22.1008397763633
GCACGG	10.0486028401283	10915	10.4503041533352
GCACTG	13.4820926446648	33785	24.6678130202565
GCAGAG	12.5851369863014	58400	30.2744142904826
GCAGCG	15.5873913449855	21398	22.6971542864878
GCAGGC	16.2641806257201	45132	34.39425110504
GCAGGG	10.2295611232554	59470	24.8323230803215
GCAGTG	14.0684905323785	39239	27.7407275598089
GCATAG	5.64203636363638	13750	6.58564943944462
GCATCG	11.1321817140676	5239	8.02076634803985
GCATGC	17.7365988909427	10279	17.9001700506484
GCATGG	7.25472077139413	24890	11.393168719419
GCATTG	7.57324840764332	19154	10.4333390990535
GCCAAG	11.836025893611	35530	22.2082782133003
GCCACG	17.041287429099	15162	20.887767599919
GCCAGG	9.21083330431452	57434	21.9732771539986
GCCATG	9.61953192221648	29055	16.3220896584068
GCCCAG	10.5697934666337	60765	25.9360975815142
GCCCCG	12.0945498296822	31999	21.5362106475503
GCCCGG	4.84858101699862	27414	7.99120441598622
GCCCTG	11.6070383754948	58110	27.852118682972
GCCGAG	7.81538057129506	17119	10.1788966762134
GCCGCG	15.9063260340633	21783	23.3689987214114
GCCGGC	12.970346918755	11213	13.6717428907648
GCCGGG	6.19904549900503	29649	10.6253006626103
GCCGTG	8.50171875000001	12800	9.57465419501261
GCCTAG	8.31972697350671	18533	11.2743968176139
GCCTCG	9.3194791295041	16818	12.0306804970722
GCCTGG	9.60839029027553	61011	23.624688257468
GCCTTG	10.6373744840756	32466	19.079202605895
GCGAAG	8.51477832512315	8729	7.91893852962523
GCGACG	20.141585488747	5954	15.4706816060133
GCGAGG	9.94135519376291	17444	13.0701330629596
GCGATG	13.460228125469	6663	10.9370124410747
GCGCAG	20.7958844837996	19876	29.1845680243151
GCGCCG	19.1594243648075	19561	26.6740746588561
GCGCGC	25.7263408383672	10926	26.7682510237579
GCGCGG	18.2933702669292	21841	26.9117142827189
GCGCTG	19.0119478993243	20422	27.0450090111749
GCGGAG	15.913973530317	22743	23.889875480928
GCGGCG	16.4190468974922	26398	26.5549100506528
GCGGGC	12.0547689858836	23873	18.5405993928759
GCGGGG	12.1357908669755	37775	23.4791137213213
GCGGTG	16.2705671946857	15656	20.2653672371978
GCGTAG	17.9793731274487	4339	11.7891026608587
GCGTCG	20.2682859761686	5455	14.9013556421173
GCGTGG	14.6890309174485	15881	18.4265252615851
GCGTTG	14.0839793281654	6192	11.0319486550065
GCTAAG	6.58856410536075	18337	8.8810905374662
GCTACG	14.3998511588348	4703	9.8300759102021
GCTAGC	11.3081057268723	5675	8.47977194210988
GCTAGG	7.37065902578797	17450	9.69204485697376
GCTATG	2.82415017423894	15209	3.46696530561537
GCTCAG	9.78209590986122	43666	20.3476847726268
GCTCCG	12.3205008312552	19248	17.0150232329875
GCTCGC	15.0776543833081	11886	16.3630036038539
GCTCGG	6.50531056735681	14876	7.89809764729313
GCTCTG	9.95206148317417	51201	22.4162855932647
GCTGAG	12.0603304099531	49030	26.5828494558334
GCTGCG	16.9174539332149	21382	24.62467709309
GCTGGC	15.9547489095435	43789	33.2340957362322
GCTGGG	9.4720178028467	68079	24.6014366109379
GCTGTG	14.4913631548929	49092	31.961413799444
GCTTAG	4.46434937611409	17391	5.86046169131034
GCTTCG	4.54221894943545	8148	4.08136047188764
GCTTGG	6.11827031322429	30202	10.584196435506
GCTTTG	3.1800134873135	35589	5.97170345984245
GGAAAG	-1.14912216331248	54509	-2.67061748128038
GGAACC	4.98086430276168	23464	7.59481350820033
GGAACG	9.37139046735476	8623	8.66252708752951
GGAAGC	8.0581552989575	42782	16.5911906460473
GGAAGG	2.94991939554803	61411	7.27686994503048
GGAATG	-1.97849532649192	30598	-3.44502936362053
GGACAG	6.31862890470542	40464	12.6522753522133
GGACCC	-3.92537286085969	27289	-6.45484926929085
GGACCG	5.7625	9840	5.69009957773311
GGACGC	8.83069745374032	12646	9.88514339419792
GGACGG	7.19228245714755	12193	7.90557386401392
GGACTG	7.01237532323606	29777	12.0452828407841
GGAGAG	4.61557440767905	59174	11.1764170553012
GGAGCC	7.46560261157242	45643	15.8768133431179
GGAGCG	11.7344507695551	18972	16.0890612250728
GGAGGC	10.0060227484617	53630	23.0662377159558
GGAGGG	5.03934611048478	70960	13.3626431257455
GGAGTG	7.99386142197822	33151	14.4882626692256
GGATAG	4.53334743372814	14184	5.37439700952841
GGATCC	1.75832802885636	9426	1.69931932323889
GGATCG	9.88206926786498	4562	6.64411151840441
GGATGC	2.78454666413229	21044	4.02096252875256
GGATGG	1.32730411521354	32149	2.36900269241554
GGATTG	2.17450051618388	16467	2.77765393785108
GGCAAG	10.3102177935019	30809	18.0143260759763
GGCACG	13.4809671780928	10298	13.6178602853312
GGCAGC	15.5677492346599	52591	35.5379949138014
GGCAGG	9.73473648397871	64664	24.6414841535401
GGCATG	9.83850794289162	24865	15.4431130771489
GGCCAG	10.2100353000504	51558	23.0773880992794
GGCCCG	5.97513861966371	22183	8.85868998963542
GGCCGC	13.4802087864289	27588	22.287846421262
GGCCGG	6.39431818181818	26400	10.3420726804571
GGCCTG	10.3942028985507	53130	23.8491265011933
GGCGAG	10.5579573343402	15891	13.2485056580176
GGCGCC	17.0504067044614	12171	18.7244578953663
GGCGCG	20.1432124724345	19499	27.9992425312817
GGCGGC	14.6372227784351	32961	26.4527149173558
GGCGGG	15.693459768176	41497	31.8228028201797
GGCGTG	20.6422249455338	14688	24.902859446893
GGCTAG	9.77473821178512	16139	12.3610346768749
GGCTCG	7.56891495601174	12276	8.34782708306765
GGCTGC	15.3562275471279	54002	35.522280567255
GGCTGG	9.65908699801317	63921	24.3091199774643
GGCTTG	8.53284893062449	28007	14.2147338157649
GGGAAG	2.2829728635075	61725	5.6460234509437
GGGACG	6.33819399438324	13887	7.4350025947867
GGGAGC	7.67667725153706	44403	16.1024076771217
GGGAGG	6.61079906806877	79405	18.5433955052717
GGGATG	-0.0499634142461721	31433	-0.0881772202071326
GGGCAG	10.6249450963168	63748	26.7036947905514
GGGCCC	4.3027653710919	21046	6.21360765016445
GGGCCG	6.31785341575018	24914	9.92664874223007
GGGCGC	16.1533113265938	24235	25.0319368505216
GGGCGG	18.0761349541057	40310	36.1262891144078
GGGCTG	8.97944732297064	63690	22.5577931819498
GGGGAG	5.57594198328867	63430	13.9790282044772
GGGGCC	6.14894677531207	46144	13.1483038635928
GGGGCG	16.4447026158118	34215	30.2792891598605
GGGGGC	5.16854539476775	42582	10.6167781380196
GGGGGG	-5.83861245273129	26709	-9.49838660508892
GGGGTG	4.51775916511769	44653	9.50297913641278
GGGTAG	4.16341364237065	19674	5.81309303386032
GGGTCG	-1.32995530610123	9621	-1.29854957042189
GGGTGC	8.97274691702992	26841	14.6330933601606
GGGTGG	7.62350228741558	55084	17.8106040474212
GGGTTG	5.91944572942513	23779	9.08634485764795
GGTAAG	-1.15709817938121	17906	-1.54127764516606
GGTACC	-2.85038503850385	5454	-2.09542671080021
GGTACG	1.36367969494757	3147	0.761503887004824
GGTAGC	6.82753961878333	13693	7.95288883759129
GGTAGG	1.01738241308794	20538	1.45135842997465
GGTATG	-1.41225735754539	12776	-1.5889955341628
GGTCAG	4.37387759314687	29067	7.42297690164764
GGTCCC	-0.96634332236272	28865	-1.63428806803776
GGTCCG	3.65609241233728	8527	3.36067623674381
GGTCGC	7.25644768856448	8220	6.54894520411596
GGTCGG	2.85056251326682	9422	2.75431431081542
GGTCTG	4.81076044170412	28707	8.11370128996103
GGTGAG	3.74946924296579	37211	7.19974052813423
GGTGCC	10.1050883751316	27553	16.6969036559304
GGTGCG	10.425789024737	10551	10.6602434515938
GGTGGC	13.7211414282967	36393	26.0561681707777
GGTGGG	3.76767015706807	56536	8.91757546915133
GGTGTG	11.6191390523382	32290	20.7835318220807
GGTTAG	3.13956319120818	14377	3.74726791139333
GGTTCG	4.92899850523169	4683	3.35762464869305
GGTTGC	10.7472249034749	16576	13.7736037726261
GGTTGG	6.08367748279253	25425	9.65623980062951
GGTTTG	3.05191930081239	25973	4.8960459223253
GTAAAC	-5.85737665171535	16498	-7.48910949793024
GTAAAG	-5.55171696630771	21637	-8.12900178157521
GTAACC	2.9497162114225	11276	3.11795000890624
GTAACG	6.87590922315973	3437	4.01264999221216
GTAAGC	1.41061361222322	12239	1.55343260699319
GTAAGG	-1.30275715800636	16031	-1.64193195161313
GTAATG	-3.03043215472952	16545	-3.88015728417435
GTACAC	0.83418367346939	11368	0.885350215179651
GTACAG	4.86298510830325	17728	6.44531563661253
GTACCC	-0.193207788646126	10939	-0.20115221540846
GTACCG	7.70978120978121	3108	4.27852365888528
GTACGC	11.5997273081418	2567	5.85021858482046
GTACGG	5.16613316261204	3124	2.87430260219913
GTACTG	5.66776619606808	15158	6.94615159219805
GTAGAC	-0.0960064182563717	11218	-0.101220706562396
GTAGAG	1.86031504065041	19680	2.59782817980878
GTAGCC	7.74376890937905	13882	9.08217327417933
GTAGCG	13.8815729309556	4374	9.1388057769444
GTAGGC	8.54702170232415	12994	9.69834472649942
GTAGGG	1.83742103307321	18837	2.51030176494211
GTAGTG	4.00281148268719	13516	4.63234191749068
GTATAC	-15.8761638733706	4296	-10.3583143924602
GTATAG	-8.79986039090547	10028	-8.77191316544966
GTATCC	-3.02918733307897	10484	-3.08745770780674
GTATCG	13.2029177718833	2262	6.25068477625817
GTATGC	-0.627295107190479	9749	-0.616542919209237
GTATGG	-2.0668762746431	11768	-2.23191262604246
GTATTG	-7.48900679441178	13099	-8.53207520332705
GTCAAG	2.35858427436219	19128	3.24711417256127
GTCACC	9.23559773559774	24024	14.2494810218458
GTCACG	20.7679925419515	8045	18.5425271019845
GTCAGC	13.6265951616691	25546	21.6800453574624
GTCAGG	5.68369572626269	29342	9.69141197701654
GTCATG	8.23923972708152	19493	11.4508535322848
GTCCAG	2.80071217648081	28785	4.73001998312762
GTCCCC	0.301644175585545	32235	0.539101028451012
GTCCCG	7.18955765047135	13790	8.40418652454544
GTCCGC	12.8514323784144	9006	12.1402851013565
GTCCGG	4.42828381760801	9189	4.22552769730237
GTCCTG	5.54023724660281	35912	10.451040674084
GTCGAC	8.05485398579322	1267	2.85402227709356
GTCGAG	6.55298588490771	4605	4.42655055738557
GTCGCC	12.0615800063539	9443	11.6673056649663
GTCGCG	15.1071939871153	5588	11.2414771926415
GTCGGC	13.6135315222963	7804	11.9712861185679
GTCGGG	2.11792674889371	10621	2.17272628780049
GTCGTG	4.93774283071231	5405	3.61358017844504
GTCTAG	1.20603751465416	13648	1.402512378618
GTCTCC	2.34835483671832	32398	4.20759760372207
GTCTCG	6.22279679533867	6865	5.13236186346111
GTCTGC	10.7344464775846	26232	17.3063999427127
GTCTGG	7.17396521681955	30417	12.4545727735296
GTCTTG	3.80831276445698	22688	5.71007870259867
GTGAAG	1.61223795483265	30863	2.81941878804342
GTGACC	6.83941454896375	21761	10.0431449649314
GTGACG	27.1229857819905	8440	24.8039072492169
GTGAGC	7.97652887993999	25329	12.6367194287605
GTGAGG	4.45679414157852	36870	8.518645045421
GTGATG	7.0261670134663	25471	11.1622782903154
GTGCAC	11.9698973653582	9451	11.5835235851787
GTGCAG	14.0576402877698	34750	26.0856227827281
GTGCCC	8.91452308946956	29429	15.2228947864912
GTGCCG	12.6062632696391	9420	12.1793245398836
GTGCGC	20.8504313578395	10664	21.4331740870346
GTGCGG	10.2065821465787	11516	10.9029128953831
GTGCTG	14.5094091739446	39961	28.8721603567042
GTGGAC	4.08927519151444	18667	5.56153891755299
GTGGAG	8.9665097000466	40773	18.0227531881682
GTGGCC	12.2207270087666	35818	23.0228502093231
GTGGCG	19.283127240799	13667	22.4401338608983
GTGGGC	6.98538306451613	33728	12.7701765241172
GTGGGG	4.61077827702891	54081	10.6735275200067
GTGGTG	12.9066727327874	32970	23.3284106012659
GTGTAG	5.39766514440085	15547	6.69947262756118
GTGTCC	3.52081863091038	25506	5.59726940226175
GTGTCG	8.77915655905952	5359	6.39743749646996
GTGTGC	11.1982715479078	25977	17.9662265110491
GTGTGG	11.544179120789	36601	21.9847186136335
GTGTTG	5.58324703975508	22211	8.2828973555458
GTTAAC	-3.69694950392418	6753	-3.02414960941236
GTTAAG	-1.81729874360167	17192	-2.37192474924621
GTTACC	-1.11385585441775	12529	-1.2410765665452
GTTACG	5.71340107970785	3149	3.1914821658811
GTTAGC	3.78280640970117	11545	4.0459681899028
GTTAGG	0.840410474168438	15543	1.04296625956523
GTTATG	-2.61995443867018	14047	-3.09098508344572
GTTCAC	1.28074351127735	17646	1.69354476523818
GTTCAG	3.80730254506073	25854	6.09386235606255
GTTCCC	4.07217557814111	27156	6.67991250596236
GTTCCG	16.496654586005	7174	13.9087450437851
GTTCGC	8.46623317362538	4383	5.57939796730763
GTTCGG	2.44108151735271	4956	1.7106427077958
GTTCTG	5.24504554406697	32496	9.41186297456262
GTTGAC	2.25675037392742	12703	2.53190875909542
GTTGAG	4.84412392631944	20141	6.84332457609581
GTTGCC	10.6225162044416	18822	14.506801411564
GTTGCG	12.6057837024296	4651	8.5576476262768
GTTGGC	13.1165674864395	18989	17.9921318243102
GTTGGG	3.99264458169568	26715	6.49605390553438
GTTGTG	6.82674675165482	20395	9.70480975482933
GTTTAG	-3.74388802321207	18611	-5.08415853685538
GTTTCC	2.69286871961102	35786	5.07087773673191
GTTTCG	2.89549223899639	4703	1.97661129915726
GTTTGC	3.11538797432427	22901	4.69300202498944
GTTTGG	0.550662263289184	28463	0.924777023379675
GTTTTG	-6.56637094538397	36070	-12.4139463274518
TAAAAA	-24.6762105604672	73974	-66.8081426442072
TAAAAC	-13.6329209162347	35886	-25.7076761847642
TAAAAG	-11.9808977254208	42953	-24.7170986496712
TAAACA	-7.35029539925683	37407	-14.1511785976978
TAAACC	-3.32145140664962	18768	-4.52947930255901
TAAACG	-0.461431485258667	5393	-0.337313570750576
TAAAGA	-3.36991197050635	39873	-6.69837398860788
TAAAGC	0.00614270278922993	24989	0.00966596727286901
TAAAGG	-1.83814124370662	29396	-3.13714345242077
TAAATA	-23.1742638534662	43130	-47.9078913025913
TAAATC	-13.3205783812379	22684	-19.9707456626306
TAAATG	-13.467466513486	38299	-26.2355999925351
TAACAA	-4.57884788478848	27775	-7.5961691827683
TAACAC	4.43112513144059	19020	6.08317975317306
TAACAG	10.3546992481203	26600	16.8108505299886
TAACCA	5.70295598657217	21448	8.31390005633964
TAACCC	3.92720419534579	15255	4.82837472769105
TAACCG	11.9782485875706	3540	7.0942474369217
TAACGA	5.22339855266684	3731	3.17597567866307
TAACGC	19.1919391206313	3548	11.3794701771305
TAACGG	12.7733220256845	4127	8.1683149503747
TAACTA	-11.2464268978444	17072	-14.6274339179537
TAACTC	-0.548486531519021	18005	-0.732611800167021
TAACTG	5.08349585568016	24612	7.93866189940186
TAAGAA	0.439043921378309	41210	0.88719820609954
TAAGAC	7.08476592064008	18498	9.59178139912485
TAAGAG	10.5890420544399	28582	17.8202732728563
TAAGCA	13.0878138768492	27917	21.7677159973728
TAAGCC	15.0819812126388	18736	20.5498290492619
TAAGCG	16.4703811604758	4119	10.5223059385766
TAAGGA	13.4141654886748	30419	23.2888211347062
TAAGGC	19.4190370865696	19441	26.9524575292754
TAAGGG	17.1631205673759	21714	25.1754677982248
TAAGTA	-10.5931080821655	20836	-15.2209569244101
TAAGTC	-1.47063262482706	15902	-1.84604145702604
TAAGTG	-0.207054198506999	22639	-0.310115904633307
TAATAA	-22.9694181713958	34890	-42.7082580570021
TAATAC	-15.9144346139862	16502	-20.3503032236036
TAATAG	-12.1223874925357	18421	-16.3778218398113
TAATCA	9.07369038311181	25580	14.4459332942113
TAATCC	-4.00674411100355	15495	-4.96476591497798
TAATCG	14.0892976588629	2990	7.66895726397909
TAATGA	-8.24052600328315	28631	-13.8798435762551
TAATGC	-0.0157648435214948	17095	-0.0205180269555057
TAATGG	-1.87829115869276	19522	-2.61238058546607
TAATTA	-21.4030605628323	15422	-26.4580363541749
TAATTC	-15.4157069143447	24225	-23.8839809874371
TAATTG	-11.0815416392827	21302	-16.0998471133631
TACAAA	-14.2207099886831	33578	-25.9394086535658
TACAAC	-3.15513216615173	14565	-3.79039246288994
TACAAG	-1.64901484337858	18931	-2.25851366055902
TACACA	-2.99983573644825	27395	-4.94247528111149
TACACC	1.29948689168604	12473	1.44467029579919
TACACG	1.81563421828909	4746	1.24509819944378
TACAGA	1.63556950906074	30737	2.85437562012476
TACAGC	7.5014091350826	20580	10.7121567069568
TACAGG	1.97312627859401	21508	2.88048934858885
TACATC	-2.21819986763732	15110	-2.71421525006074
TACATG	-4.68394504227517	20816	-6.7270059133283
TACCAA	-5.08577604386334	18968	-6.97235323500655
TACCAC	6.405420649528	16843	8.27501441363747
TACCAG	5.88509593931281	20169	8.31968932686225
TACCCA	1.96314359198331	20607	2.80524522229741
TACCCC	-2.19429241594996	15348	-2.70602482457297
TACCCG	6.60726714431935	4885	4.59690500991662
TACCGA	2.62119268996473	3119	1.45719614809798
TACCGC	16.3265665336775	4261	10.6086961003707
TACCGG	8.70675641351283	3937	5.43814121526738
TACCTC	-0.681594353559117	18277	-0.91725443229535
TACCTG	-8.78908137679507	21935	-12.9575735899247
TACGAA	-7.01519299206132	3653	-4.22061597499568
TACGAC	5.7125583368689	2357	2.76071654806798
TACGAG	-0.269991276533874	3439	-0.157607615771314
TACGCA	10.4733081693179	3709	6.34926828366347
TACGCC	13.8204791118901	3423	8.04892586922073
TACGCG	22.2051792828685	2008	9.90484120503315
TACGGA	0.210880040578242	3943	0.13181360690761
TACGGC	11.9134715025907	3860	7.36789387400082
TACGGG	4.30062008108753	4193	2.77207444190727
TACGTA	-5.36769394261424	1882	-2.31797599296294
TACGTC	10.3250157927985	3166	5.783058145921
TACGTG	2.41404723850116	5631	1.80322494651813
TACTAA	-15.8279880877384	17461	-20.8195649417013
TACTAC	-6.26218494774743	11387	-6.65184206739501
TACTAG	-5.92552825974918	11642	-6.36432354997692
TACTCA	-3.2411023775814	20483	-4.61743628059546
TACTCC	1.6625222570148	16287	2.11202665719572
TACTCG	-0.357450076804913	3255	-0.203002913168521
TACTGA	2.95826363332218	23912	4.55361390688268
TACTGC	8.90032034169781	18730	12.1251161041552
TACTGG	4.24714330642626	19078	5.83948727559833
TACTTC	-5.50370940016285	22106	-8.14557893705897
TACTTG	-4.61753352295815	19688	-6.44944341089657
TAGAAA	-13.9696170801279	46276	-29.9139516349195
TAGAAC	-4.24623767514271	17343	-5.56644330976772
TAGAAG	-4.65468562979651	28406	-7.80920412781745
TAGACA	-2.10151567685373	20189	-2.97236006131449
TAGACC	-1.5337248620751	11238	-1.61846514376862
TAGACG	4.05568053993251	3556	2.40744289378827
TAGAGA	2.65345721554861	31051	4.6543738526652
TAGAGC	4.79776619921291	18041	6.4147651749321
TAGAGG	2.84682080924856	24047	4.39442404623074
TAGATC	17.6191446028513	13748	20.5643961136902
TAGATG	6.57049180327869	20740	9.41919163873782
TAGCAA	2.3349445676275	22550	3.49028770105796
TAGCAC	7.43617157081765	15667	9.26517661269368
TAGCAG	11.8406663990365	24910	18.602631716077
TAGCCA	7.9050364224034	20729	11.3293352968382
TAGCCC	6.06812274139352	15773	7.58617553471592
TAGCCG	14.2536169293889	4631	9.6554796394243
TAGCGA	16.5991165102153	3622	9.94421660060554
TAGCGC	21.966862037872	4436	14.5638155601572
TAGCGG	15.5636542239686	5090	11.0530425987827
TAGCTA	-2.10467314964884	7404	-1.80272401697792
TAGCTC	5.55638929331392	17858	7.39129360579726
TAGCTG	8.83910692408432	23671	13.5371758111394
TAGGAA	-5.87552084894631	33359	-10.6822875039645
TAGGAC	1.00481563015961	14536	1.20592477683773
TAGGAG	4.59624853458383	25590	7.3189710013158
TAGGCA	7.25052725312837	21337	10.5425980059087
TAGGCC	8.84923067100811	15663	11.0243849350266
TAGGCG	18.7158940397351	5285	13.5439222705099
TAGGGA	0.335487036885583	24454	0.522230312854419
TAGGGC	10.4357681894118	17359	13.6866812849789
TAGGGG	3.15168539325843	19847	4.41979038583697
TAGGTA	-12.1034095692437	14254	-14.3842587260796
TAGGTC	-0.395913770913769	12432	-0.439422699462341
TAGGTG	0.531129276076371	17861	0.706585148504166
TAGTAA	-12.2394845360825	19400	-16.9697471748702
TAGTAC	-6.03048581675904	9201	-5.75812640930203
TAGTAG	-4.46691683259304	13058	-5.08109807643372
TAGTCA	-0.00850014505366781	17235	-0.011108191543988
TAGTCC	3.08485780169101	13010	3.50255672163841
TAGTCG	8.05022186365469	2479	3.98985848514367
TAGTGA	1.70789362600254	18952	2.34045190286756
TAGTGC	9.03870383494763	12699	10.1391674852711
TAGTGG	6.85852210502047	17349	8.99247305749519
TAGTTC	-3.36521344232516	16515	-4.30490213704915
TAGTTG	-3.41461284688531	15459	-4.22613676660923
TATAAA	-24.413494630612	38645	-47.7736017806456
TATAAC	-16.4948041293498	14627	-19.8580304624906
TATAAG	-14.6749686810237	16763	-18.9131747222894
TATACA	-19.9850541516245	20775	-28.673930262919
TATACC	-11.9648082978329	10798	-12.3762417868123
TATACG	-7.37140575079872	2504	-3.67179865535435
TATAGA	-10.8189226373161	18898	-14.8048263129852
TATAGC	-6.0875	11920	-6.61589312677007
TATAGG	-11.706105662765	12644	-13.1028588469863
TATATA	-29.904796361381	14511	-35.8592250251474
TATATC	-11.7181782794862	15414	-14.48202048459
TATATG	-19.5881906496661	19764	-27.4121515381824
TATCAA	14.4457688731085	23658	22.1177556007764
TATCAC	27.3628420547288	20830	39.3112829594774
TATCAG	53.5923792575942	32031	95.4771981815263
TATCCA	1.0212417477196	19843	1.43200193708891
TATCCC	1.83012439832469	15997	2.30415272772071
TATCCG	17.927568602425	3134	9.99038599451426
TATCGA	10.641393442623	2440	5.23244645566352
TATCGC	50.4424396063227	3353	29.0753022762108
TATCGG	35.4604557640751	2984	19.2821342226509
TATCTA	34.2555804913237	24953	53.8646811997935
TATCTC	58.0355693413729	34496	107.29759754773
TATCTG	54.006234096692	39300	106.574069341376
TATGAA	-13.1453322756283	27733	-21.7912113651421
TATGAC	-1.83602001111728	14392	-2.1925492860043
TATGAG	-3.23418812627949	18562	-4.38620617121344
TATGCA	-1.98596895048729	20419	-2.82488692115091
TATGCC	-0.064852079361715	14163	-0.0768268296962106
TATGCG	5.01978691019788	2628	2.5615883608753
TATGGA	-5.93945260701214	18853	-8.11798106748706
TATGGC	4.356791511489	14231	5.17363595618142
TATGGG	0.336738383655761	16593	0.431783913854642
TATGTA	-16.8532598961132	22332	-25.070275518193
TATGTC	-5.28998343315917	15694	-6.59678781328147
TATGTG	-5.07878061659693	24619	-7.93242613356317
TATTAA	-25.4901218203623	31686	-45.1665583551092
TATTAC	-16.079296307066	17195	-20.9884084624214
TATTAG	-16.5594087712276	17489	-21.7991065856005
TATTCA	-15.878994639003	28726	-26.7899534654692
TATTCC	-12.4197353811991	21616	-18.1765471621367
TATTCG	-9.53103334433807	3029	-5.22156879976834
TATTGA	-15.1927244963302	20301	-21.5479399771856
TATTGC	-2.46189814229748	15826	-3.08295396890949
TATTGG	-7.30039404014284	16242	-9.26141689470506
TATTTC	-16.3670577924923	41078	-33.0207277313563
TATTTG	-15.3555068493151	36500	-29.2026300960381
TCAAAC	-2.23212783851976	23780	-3.42638664091819
TCAAAG	-2.24125797828815	36662	-4.2718038632331
TCAACC	6.88340688437776	16995	8.93254896213949
TCAACG	6.56316254416962	4528	4.39620310188277
TCAAGA	6.73409876704287	30658	11.737153132657
TCAAGC	6.34657689144737	19456	8.81206524342859
TCAAGG	2.44550446599242	28773	4.12926173989732
TCAATC	0.889709728033476	15296	1.09533926357966
TCAATG	-0.919950335004449	21343	-1.33783789419272
TCACAC	8.43910898169337	27968	14.048782208795
TCACAG	10.0220311220311	42735	20.6233389830716
TCACCC	7.06674861904914	31319	12.4490142821875
TCACCG	12.1352013637332	9386	11.7030386992834
TCACGA	6.96800382043936	5235	5.01854822969126
TCACGC	16.1019919803389	7731	14.0931742524865
TCACGG	7.62831209831999	8869	7.15117094292421
TCACTC	5.33467160798848	29142	9.06522830754999
TCACTG	11.0038518946507	41538	22.3243543045539
TCAGAC	7.845817178944	25019	12.3533440420089
TCAGAG	8.11849868195322	47798	17.668186140061
TCAGCC	14.6308158485646	41417	29.6393886930124
TCAGCG	20.4839823008849	11300	21.6752937926839
TCAGGA	4.59857433808555	41735	9.35157582204297
TCAGGC	14.0458522926146	34284	25.8884005411817
TCAGGG	7.58115102447827	42119	15.4876509825397
TCAGTC	8.01215410487693	26164	12.9006841718261
TCAGTG	11.4090417589208	38842	22.3826416048383
TCATAC	-6.83876103632942	13818	-8.00223685787877
TCATAG	-1.09185943060498	17984	-1.45754259563469
TCATCC	1.8385769787461	26254	2.96545226412499
TCATCG	7.53626168224299	5350	5.48711724718359
TCATGA	1.38750583475961	12854	1.5659047625005
TCATGC	8.36959884001934	20690	11.9838473098824
TCATGG	3.06699289963539	26055	4.92798853060957
TCATTC	-3.5130154445944	33345	-6.38567482068052
TCATTG	0.585336815423614	26038	0.940201697221252
TCCAAC	0.24360822760477	20808	0.34979894935114
TCCAAG	1.62453982221424	33411	2.9558778145253
TCCACC	7.03385082292519	34268	12.9613104073119
TCCACG	5.53140877598153	10825	5.72876603672993
TCCAGC	8.39522598543522	43255	17.3804864870508
TCCAGG	2.76420117209944	52214	6.287449476887
TCCATC	1.70904814120477	28271	2.86046251333283
TCCATG	0.120263563238065	29215	0.204620146669391
TCCCAC	3.37921878989023	39170	6.65739731067204
TCCCAG	5.71851481851482	60060	13.9504203503218
TCCCCC	0.943594351732994	38950	1.85374692085403
TCCCCG	3.87047057258172	22547	5.7852153697193
TCCCGC	12.8808804908932	20534	18.3735767897996
TCCCGG	5.16349889986424	21361	7.51218471117012
TCCCTC	3.41396028936432	51976	7.74767279690691
TCCCTG	5.20886097465622	58831	12.5764266016542
TCCGAC	7.17680533751962	5096	5.0998482721392
TCCGAG	3.85735448724075	10463	3.92761620925178
TCCGCC	19.4136111111111	18000	25.9271008700278
TCCGCG	17.861182154021	10557	18.2680351857416
TCCGGA	12.2824161922834	4743	8.42018727549546
TCCGGC	13.836002994012	13360	15.9193472251883
TCCGGG	8.37283865796405	17466	11.0149068692996
TCCGTC	9.34463082634402	7273	7.93286970999363
TCCGTG	5.05688740420514	10178	5.07838808537543
TCCTAC	-0.615215023084504	19277	-0.85027230758985
TCCTAG	1.36896290370121	23749	2.10003108152456
TCCTCC	6.25197774633394	62192	15.5201553562228
TCCTCG	3.13869201030928	12416	3.48137601499232
TCCTGC	9.106925264013	49240	20.1160253276255
TCCTGG	4.82899225880193	57743	11.5509461735825
TCCTTC	-0.441972375468126	49666	-0.980474034097749
TCCTTG	1.85661695804664	37351	3.57178088579267
TCGAAC	0.713829787234045	2820	0.377338049154191
TCGAAG	-0.179475505372426	5491	-0.132386068751276
TCGACC	0.936452136289888	3698	0.566866010375445
TCGACG	10.2449088960343	1866	4.40529807686217
TCGAGC	7.09524752475248	5050	5.01908578946901
TCGAGG	3.23572911261028	7708	2.82783710334895
TCGATC	10.2885368458526	2809	5.42801283497553
TCGATG	5.71464829586656	4137	3.65884192413331
TCGCAC	12.5020703933747	4830	8.64901966076756
TCGCAG	14.4852697095436	9640	14.1571711376116
TCGCCC	10.3281452658885	12336	11.4188113253725
TCGCCG	16.1775037369208	8028	14.4286789396614
TCGCGA	26.0023148148148	1728	10.7595785440613
TCGCGC	20.800266218299	7137	17.4919457160487
TCGCGG	15.8664902573972	8314	14.4011528053107
TCGCTC	8.85075532032198	9069	8.39018264113953
TCGCTG	15.2361477572559	11370	16.1721137410841
TCGGAC	2.07886609309508	4533	1.39325546243999
TCGGAG	6.0501637392081	10077	6.04566581000172
TCGGCC	9.30475299096607	12287	10.2668958586421
TCGGCG	15.7750720083792	7638	13.7237423637963
TCGGGA	2.9479991770394	9721	2.89330494030731
TCGGGC	7.51855020261144	11105	7.88687149056041
TCGGGG	0.487669213242195	14922	0.592993914033862
TCGGTC	2.00732430928982	5393	1.46738519596559
TCGGTG	9.34205366989339	8161	8.40089247247441
TCGTAC	1.96296296296297	2214	0.919416498699778
TCGTAG	4.58642994770163	3633	2.75181252205122
TCGTCC	5.8278712945032	6713	4.75312958544626
TCGTCG	6.04549130610594	2473	2.9926438708418
TCGTGC	10.2613335685306	5669	7.69074502406279
TCGTGG	9.27667638483965	8575	8.55107764706779
TCGTTC	-1.04956689124157	5195	-0.75303346602965
TCGTTG	9.34732824427481	4716	6.38977802004685
TCTAAC	0.306235039990661	17129	0.398962673753642
TCTAAG	0.114483796202173	24593	0.178715061888862
TCTACC	3.35713557074365	19606	4.67923393395911
TCTACG	8.41385331781141	4295	5.4889326211118
TCTAGA	4.87099086861369	13251	5.58152689150177
TCTAGC	9.23918208043441	17679	12.2285159119879
TCTAGG	4.38919225437897	23807	6.74137240815231
TCTATC	13.3841176470588	18700	18.2188905903169
TCTATG	2.6074363396571	19714	3.64428613850693
TCTCAC	6.86102318145483	31275	12.0781084528674
TCTCAG	8.65863009734825	48383	18.9586305051267
TCTCCC	7.42941006466529	55362	17.4008953187502
TCTCCG	10.1296627205718	13431	11.6858562285135
TCTCGA	5.16178403755868	5325	3.7494797756259
TCTCGC	15.604339602816	9517	15.1532855494602
TCTCGG	7.87896465301185	11571	8.4365712374927
TCTCTC	5.33187646740112	55370	12.4890303113497
TCTCTG	10.549438166071	62118	26.1727551440796
TCTGAC	8.2400866620544	27463	13.5930572736604
TCTGAG	8.23363518758085	46380	17.6509616669965
TCTGCC	15.6270224921098	50062	34.8050061034901
TCTGCG	16.1577493686868	12672	18.1056795039578
TCTGGA	5.50835308195875	42619	11.3196963534716
TCTGGC	15.4901461182466	38462	30.2400723098952
TCTGGG	8.1545896812188	54677	18.9808576132715
TCTGTC	9.81852045484251	38255	19.1161984965785
TCTGTG	12.0985821470882	53179	27.772561675439
TCTTAC	-2.09779270633397	20840	-3.01455219298783
TCTTAG	0.726170854271359	24875	1.14007057769661
TCTTCC	2.19270010058917	55672	5.15002132492268
TCTTCG	3.51054458088628	7492	3.02471706112003
TCTTGC	10.8100501643314	28905	18.2947119218013
TCTTGG	7.08529513473253	37593	13.6748577298914
TCTTTC	-2.43259629759509	54181	-5.63644052427665
TCTTTG	0.153096957758811	45690	0.32575307115865
TGAAAC	-3.69859051924739	30082	-6.38558932804072
TGAAAG	-3.34618585298196	43260	-6.92794921419982
TGAACA	-0.984286316608826	30833	-1.72044470187679
TGAACC	1.26804343197786	18788	1.73015807379245
TGAACG	1.38121402407117	5733	1.04103020189293
TGAAGA	-0.059495863436423	43877	-0.124055668585209
TGAAGC	4.31768104259036	29772	7.41593545163068
TGAAGG	0.690162110616658	37752	1.33485002639117
TGAATC	-2.21474667694086	20764	-3.17680785510923
TGAATG	-2.61898407484529	34097	-4.81395827277781
TGACAC	8.83735813635976	23438	13.4677209507928
TGACAG	11.3702133555001	36090	21.5017314897972
TGACCA	3.36133291169262	25298	5.32189131462334
TGACCC	-0.0571563049973378	24433	-0.0889332004527248
TGACCG	6.50047892720307	6264	5.12132819886499
TGACGA	9.22443709977278	4841	6.38879266459226
TGACGC	22.9127006677085	7039	19.1356466624626
TGACGG	11.2273630428612	7046	9.38124470626732
TGACTC	10.2866036305893	27709	17.0448746244835
TGACTG	9.41501469576638	31982	16.7604313211634
TGAGAC	2.11645229566916	24568	3.30221058236334
TGAGAG	3.15469404227413	39646	6.2527103798956
TGAGCA	5.88113273005869	34589	10.8878308018628
TGAGCC	7.63426538195101	31758	13.5426983176841
TGAGCG	10.9462818405916	9736	10.7514808988238
TGAGGA	-0.0645604395604369	42952	-0.133189366477046
TGAGGC	7.512225542063	36481	14.28280032473
TGAGGG	1.89735516372796	41288	3.83770807275599
TGAGTC	8.30285725499431	25479	13.1925922580941
TGAGTG	5.08269052761494	32410	9.1084517478856
TGATAC	3.68405955470564	14642	4.43749853321175
TGATAG	24.6047056526408	20486	35.0556591207143
TGATCA	12.755694661798	11502	13.6176502428713
TGATCC	9.59414959827995	17674	12.6965372272746
TGATCG	22.5328687877991	3803	13.8321926665075
TGATGA	4.19686589621282	31237	7.38365047755035
TGATGC	10.5135667188464	21081	15.1952223090927
TGATGG	8.69475540036287	29211	14.7925130280076
TGATTC	-0.490923474061119	24018	-0.757344713408712
TGATTG	13.4770367498169	23211	20.4386740395138
TGCAAC	7.91159846258196	17692	10.4752424090326
TGCAAG	8.21548614984198	26895	13.411594721242
TGCACC	8.97771413806469	23221	13.6181342464413
TGCACG	13.9829539144919	9005	13.2084593496821
TGCAGA	13.5035056408949	47067	29.1619236193807
TGCAGC	14.6152076928411	43261	30.259702055441
TGCAGG	9.60020090406831	47784	20.8897360046911
TGCATC	8.05178150561486	21639	11.7902212195854
TGCATG	7.74061617816192	28693	13.0519346772904
TGCCAC	14.1219686606144	32164	25.2110915323403
TGCCAG	14.8125641597858	44810	31.2125388206343
TGCCCC	6.64166994492526	40672	13.3332626170687
TGCCCG	6.78202784418506	14222	8.05102702982304
TGCCGA	10.1080774466798	6611	8.18113423225439
TGCCGC	16.142836019518	13526	18.6885628662166
TGCCGG	12.2015962728175	13093	13.8978498058987
TGCCTC	8.41384283469737	42643	17.2953617307782
TGCCTG	13.3100828465621	52386	30.3249265099176
TGCGAC	12.6043720531505	4666	8.57047634169374
TGCGAG	11.1476868327402	7868	9.84301879683484
TGCGCA	26.6673656880367	5007	18.78366314208
TGCGCC	18.8631160572337	12580	21.0603282758307
TGCGCG	25.1400479137553	10018	25.0477081196557
TGCGGA	10.7312999671449	9131	10.2075821819008
TGCGGC	14.8222900113507	14096	17.5176010335102
TGCGGG	7.03940115259334	15964	8.85356038231064
TGCGTC	16.4382191780822	7300	13.9806568397517
TGCGTG	14.0218574108818	10660	14.4110467767274
TGCTAC	4.71854541126056	16802	6.08835557420179
TGCTAG	6.94233268356076	18468	9.39132204830096
TGCTCC	6.94029197080293	37675	13.4095977587065
TGCTCG	9.81193490054249	7742	8.59394600434316
TGCTGA	16.7276204692821	42874	34.4780382518548
TGCTGC	15.4086450030656	47299	33.3581385533267
TGCTGG	12.7364202853112	51032	28.6404643823021
TGCTTC	5.32637373918846	38963	10.4657223732211
TGCTTG	6.41524813408407	30548	11.1613372019325
TGGAAC	2.35677072391916	23801	3.61931444329627
TGGAAG	1.80899488999594	46771	3.89436852873941
TGGACC	0.525321797847649	18956	0.719962955332991
TGGACG	7.66042917358538	7829	6.74710746028698
TGGAGA	7.77449071008453	51346	17.5362462863547
TGGAGC	7.42852072298367	36626	14.1516951248107
TGGAGG	5.23929126987139	52714	11.9742110425272
TGGATC	5.57520188425303	17832	7.41091795175951
TGGATG	1.00437999511395	28653	1.69236674544517
TGGCAC	13.7578533552752	27345	22.64649620864
TGGCAG	17.7493681222538	51434	40.0700077212474
TGGCCA	12.4379804249224	20945	17.9184908972625
TGGCCC	10.1235671239903	38995	19.8998319179673
TGGCCG	12.0920235371036	15295	14.8862429845496
TGGCGA	15.0715892053973	8004	13.4222080857959
TGGCGC	23.7137853107345	13275	27.1975339584258
TGGCGG	16.4465359768322	17956	21.9376759386857
TGGCTC	10.3467217484009	37520	19.9501223656492
TGGCTG	15.6540294049672	56249	36.95684830474
TGGGAC	3.60777562585181	27882	5.99670742789668
TGGGAG	7.27261548331907	56112	17.1486477485682
TGGGCA	8.39941136143353	42301	17.1963211652614
TGGGCC	7.91850550359155	38702	15.5067686039622
TGGGCG	17.1472176897541	17773	22.7554490891007
TGGGGA	1.81513824444329	57543	4.33428371836017
TGGGGC	8.41579252270705	48333	18.4173980888054
TGGGGG	-0.456210269429846	50811	-1.02365899587962
TGGGTC	1.80268244113858	25611	2.87173178908839
TGGGTG	11.3124032462354	42634	23.2511424692063
TGGTAC	1.70812460864121	12776	1.92188934999917
TGGTAG	5.46101903007981	19548	7.60039623564919
TGGTCC	3.41575156715422	22493	5.09942662274119
TGGTCG	9.69974508375819	5492	7.15545021173013
TGGTGA	9.41911000207943	33663	17.2027412273069
TGGTGC	13.8892632957215	25967	22.2792967873361
TGGTGG	9.262498486866	41305	18.7387597166878
TGGTTC	4.69096467112552	24371	7.28970940548054
TGGTTG	7.13001915943093	24531	11.1162857541713
TGTAAC	-2.28417592382679	17644	-3.0202260784598
TGTAAG	-4.1182918998257	21802	-6.05308360479188
TGTACA	-2.80779944289693	10770	-2.90058311331799
TGTACC	1.29679637111064	14109	1.53331464010988
TGTACG	4.04806022003475	3454	2.36820618082872
TGTAGA	3.46180673698537	23512	5.28395346724157
TGTAGC	5.45007198387562	17365	7.14909406403241
TGTAGG	1.45664078056552	20088	2.05509637578536
TGTATC	0.647153167602249	17458	0.85116881749915
TGTATG	-7.14362686921433	21065	-10.320740842936
TGTCAC	9.79050078920936	27876	16.2716469903309
TGTCAG	10.055107447748	33970	18.4478546550427
TGTCCA	1.664385910759	29157	2.82902527982957
TGTCCC	3.60760073260074	34944	6.7129923746814
TGTCCG	5.89255094869993	7115	4.94768654426301
TGTCGA	6.47379392495533	3358	3.73431196124275
TGTCGC	15.042246681774	6178	11.7692296597518
TGTCGG	9.92212189616252	6645	8.05125218237479
TGTCTC	3.50704503184355	35486	6.57629437953821
TGTCTG	9.69859662521779	41899	19.7616000254192
TGTGAC	10.0864577084583	26672	16.3975076515152
TGTGAG	6.73573620063614	35527	12.6379233534041
TGTGCA	10.0411335627519	33999	18.4300789116274
TGTGCC	11.3338941476147	31799	20.1185771456302
TGTGCG	11.6424565944139	9273	11.1600498990652
TGTGGA	4.27342594917287	35847	8.05404347973402
TGTGGC	14.7055623374556	37682	28.4158065941153
TGTGGG	7.71428413926926	45351	16.3531132403026
TGTGTC	5.66146383632696	31233	9.95971628544625
TGTGTG	5.84743915401106	55509	13.7138309702838
TGTTAC	-2.87207819804505	18824	-3.92250581803262
TGTTAG	-1.14905751570807	20690	-1.64525565462901
TGTTCC	3.35862333674514	31264	5.91146266916912
TGTTCG	2.77667466724853	4583	1.87116164070853
TGTTGA	1.35324270532127	26629	2.19818632920229
TGTTGC	7.48246441433717	23324	11.3751610863252
TGTTGG	3.90015856427258	27749	6.46721518469219
TGTTTC	-2.63095319052476	44115	-5.50069597605008
TGTTTG	-1.81806224251749	40294	-3.63279020247284
TTAAAA	-26.5585431510317	80983	-75.2337237478605
TTAAAC	-14.2172908792425	26193	-22.9045017855684
TTAAAG	-14.1423842785655	38368	-27.5751950818198
TTAACA	-11.3833963163449	29373	-19.4203649929201
TTAACC	-5.7109017416632	16823	-7.37339991428776
TTAACG	-3.13590361445783	4150	-2.01093546356419
TTAAGA	-10.550582700409	32521	-18.9395550056266
TTAAGC	-5.22062109025916	17904	-6.95358210799528
TTAAGG	-6.74430605757087	22963	-10.1733260207716
TTAATC	0.530545557870811	21116	0.767431971989479
TTAATG	-14.6780465788048	27695	-24.3153388073434
TTACAA	-12.7254780775103	27506	-21.0087012601965
TTACAC	-3.46827950810251	17402	-4.5543358245704
TTACAG	-0.571400702301987	28193	-0.955042711521191
TTACCA	-2.06461047593725	22566	-3.08728553156655
TTACCC	-0.426808766136293	16655	-0.548298462817618
TTACCG	2.20599851888423	4051	1.39764770972243
TTACGA	-4.94011976047904	3340	-2.84198701876242
TTACGC	9.15137931034483	2900	4.90565423483798
TTACGG	4.06955645161291	3968	2.55178622129829
TTACTC	-3.99370471247238	19459	-5.54558784150071
TTACTG	-0.0573107872584989	26967	-0.0936837078119469
TTAGAA	-12.6547559067646	37711	-24.4624063566813
TTAGAC	-4.74891790250478	14093	-5.61187212962354
TTAGAG	-2.83917706114998	26296	-4.58298781036521
TTAGCA	2.01122102767445	24463	3.13130980377339
TTAGCC	3.39473355016262	15988	4.27281550989473
TTAGCG	8.10417666826692	4166	5.20690809043812
TTAGGA	-5.21244973882981	26611	-8.46415985441376
TTAGGC	4.97004020164635	15671	6.19326461311852
TTAGGG	-0.697951902136135	21581	-1.02064016878355
TTAGTC	-2.80727630285152	14238	-3.33442561114503
TTAGTG	-3.51163334198909	19255	-4.85056472872337
TTATAA	-23.9375934230194	16056	-30.1932974220148
TTATAC	-18.6228778268947	15609	-23.1603817491369
TTATAG	-14.0362653511074	19054	-19.2866158068844
TTATCA	53.6297570991904	42857	110.516746833594
TTATCC	11.2180601511186	20249	15.8902574512358
TTATCG	46.4149333956532	4279	30.2231866965535
TTATGA	-11.1178855197016	24668	-17.3820320662633
TTATGC	-5.38156655996987	15933	-6.76190201471838
TTATGG	-7.572330408731	18692	-10.3054941435848
TTATTC	-16.7078555828556	29304	-28.4705295202741
TTATTG	-14.2933229813665	25760	-22.8358675737216
TTCAAC	-5.19786045630976	21126	-7.52046393482631
TTCAAG	-3.24814242979832	31089	-5.70098397378816
TTCACA	-2.30807571981547	37718	-4.46206363436872
TTCACC	-2.3125632443372	25694	-3.68995319742871
TTCACG	0.331237496427553	6998	0.275827676864599
TTCAGA	-1.36457200052222	45958	-2.91198004989966
TTCAGC	4.94756897264725	33854	9.06166976911616
TTCAGG	-0.628183273929438	38718	-1.23042233357363
TTCATC	-4.17241852487136	29150	-7.09118022967565
TTCATG	-5.37552254164255	31098	-9.43622517981653
TTCCAC	0.249443512730602	32795	0.449663265905045
TTCCAG	2.27482751823379	50730	5.10025961719829
TTCCCA	-1.82737657308809	51650	-4.13403924354099
TTCCCC	-1.00361686206036	48108	-2.19123007291822
TTCCCG	4.75803577547804	14591	5.72112729557484
TTCCGA	3.26926612532557	6527	2.62916873964377
TTCCGC	18.9170204736296	10599	19.3863727582318
TTCCGG	22.6085187194791	12901	25.5620203095048
TTCCTC	-0.227535074504962	55097	-0.53164741660035
TTCCTG	4.69367194541007	62136	11.6465087511695
TTCGAA	-5.73686514886164	2284	-2.72919187894187
TTCGAC	0.488888888888891	2970	0.265216030571764
TTCGAG	-1.13541666666666	5376	-0.828697968120803
TTCGCA	4.89962940086474	4857	3.39905868545891
TTCGCC	7.2377331420373	6970	6.01492663556821
TTCGCG	15.0661431993612	3757	9.19250908104082
TTCGGA	-3.01825201825202	5698	-2.26792193382596
TTCGGC	5.83722581663248	6337	4.62551109719134
TTCGGG	-0.837876614060257	8364	-0.762778529554973
TTCGTC	-1.22682083423384	4627	-0.830696291271474
TTCGTG	0.0731744576840847	6546	0.0589330464728856
TTCTAC	-8.42625032845756	22834	-12.6746721517547
TTCTAG	-5.92291216887701	29181	-10.0715602913329
TTCTCA	-4.39757523362562	48582	-9.64855667041365
TTCTCC	-2.8131067961165	51500	-6.35479014734736
TTCTCG	1.51849034523113	8545	1.39726714591937
TTCTGA	-1.00862685687834	47526	-2.1888073526384
TTCTGC	5.39242848118401	44324	11.3009576136145
TTCTGG	1.08928420697223	47388	2.36040635923298
TTCTTC	-8.02732567108917	51856	-18.1962447084525
TTCTTG	-4.26455671025806	40222	-8.5136757157418
TTGAAC	-6.3711329093457	18554	-8.63866872990653
TTGAAG	-2.58897461030132	31627	-4.58319325141806
TTGACA	-1.59609684825715	23955	-2.45905762880587
TTGACC	-2.62653136987996	16162	-3.32385081049146
TTGACG	7.85963618485742	4068	4.99004307584373
TTGAGA	0.216150180593076	32947	0.390548451100394
TTGAGC	2.13384950279523	20213	3.01988603028834
TTGAGG	-0.261345615278196	29637	-0.447861486546138
TTGATC	7.81027473204386	16234	9.9058206515637
TTGATG	-1.25175047740293	23565	-1.91277050724755
TTGCAA	-0.0998516320474755	13480	-0.115401510364987
TTGCAC	5.93467117461011	18338	7.99989015935307
TTGCAG	8.88208499106268	34686	16.4665801919238
TTGCCA	8.47486974202568	31476	14.9669800321774
TTGCCC	5.30488640255737	26277	8.56003140618075
TTGCCG	9.57203889216265	6788	7.85030897939469
TTGCGA	11.1254036598493	3716	6.75095182808806
TTGCGC	19.3448844884488	5454	14.2211620980572
TTGCGG	10.3351233671988	6890	8.5395828245394
TTGCTC	3.53464028776979	27800	5.86649899036858
TTGCTG	10.2274629044028	41110	20.6420597316793
TTGGAA	-7.35645469606219	39235	-14.5049679093033
TTGGAC	-0.230493029992151	16571	-0.295354461004496
TTGGAG	2.44255720356872	35531	4.58310532435613
TTGGCA	10.8283128757515	31936	19.2624903769842
TTGGCC	11.5500781916406	28136	19.2853480457096
TTGGCG	15.2463445645264	7865	13.4594239550554
TTGGGA	-2.89845261121857	33605	-5.28907265806254
TTGGGC	7.7359482654418	24819	12.1315718673752
TTGGGG	-1.84839017290271	39849	-3.67293923673975
TTGGTC	2.53001060445388	18860	3.45863366796767
TTGGTG	3.17066570138243	29007	5.37543037713878
TTGTAC	-5.34606101240362	14915	-6.49915536080165
TTGTAG	-1.07276856240126	20256	-1.51982736978436
TTGTCA	0.686639433743004	28397	1.15179808244103
TTGTCC	-0.472902423865752	24135	-0.731318518258504
TTGTCG	7.01053806099679	4033	4.43176620671916
TTGTGA	0.145736298371566	28555	0.245143394679406
TTGTGC	7.25419296663662	22180	10.754277877296
TTGTGG	7.81425778067459	30685	13.6258052294503
TTGTTC	-4.14499876686749	28383	-6.95128241635816
TTGTTG	-3.80680158192895	28067	-6.34847797931001
TTTAAA	-26.1324661311594	41705	-53.1233969557322
TTTAAC	-15.4443128407596	26595	-25.0714797049951
TTTAAG	-15.183252293071	36196	-28.7545435112199
TTTACA	-13.3563799568231	35204	-24.945726150279
TTTACC	-10.2365853658537	21730	-15.0209138302391
TTTACG	-4.04091320072332	4424	-2.67545998596082
TTTAGA	-10.5073243173102	34679	-19.4776608384496
TTTAGC	-4.85868983306566	20547	-6.93273763935639
TTTAGG	-8.29931097145452	26414	-13.4267376618087
TTTATC	30.6959633589345	39191	60.4903112859615
TTTATG	-15.2574316654907	32597	-27.4208951940714
TTTCAA	-14.0468167216437	46383	-30.1140184706946
TTTCAC	-6.10071395131086	34176	-11.2267139434094
TTTCAG	-3.94051652372563	51653	-8.91481442703189
TTTCCA	-6.38988992560613	56053	-15.0592792502094
TTTCCC	-4.62742988505747	54375	-10.7411519674543
TTTCCG	7.93874025076513	10129	7.95327972040334
TTTCGA	-4.74494235370894	4597	-3.20242945409726
TTTCGC	5.28289838978346	5403	3.86545943886136
TTTCGG	-2.99310600444773	6745	-2.44694638848111
TTTCTC	-7.71355633802816	62480	-19.1927207902778
TTTCTG	-3.28579133457182	66748	-8.45026809431885
TTTGAA	-13.4658282990178	48666	-29.5704053259233
TTTGAC	-5.93110039137162	21974	-8.7518771782192
TTTGAG	-5.01546363360965	36311	-9.51352731768835
TTTGCA	-1.52066157503414	39542	-3.01004693175895
TTTGCC	1.30143324505375	32095	2.32087615024228
TTTGCG	8.13458720078164	6141	6.34550874280842
TTTGGA	-7.52421634284841	39271	-14.8425538586783
TTTGGC	5.38284418993081	29337	9.17764043097259
TTTGGG	-4.83721655399506	40087	-9.64070263942303
TTTGTC	-4.81322775215302	31003	-8.4362540826485
TTTGTG	-2.39648138704742	41181	-4.84098663394901
TTTTAC	-16.9154664509907	32147	-30.1901716543377
TTTTAG	-15.6660228531295	37019	-30.0042293333616
TTTTCA	-14.2503626533034	60664	-34.9383842842087
TTTTCC	-11.75530882567	61831	-29.0970229995406
TTTTCG	-8.77553701128111	6471	-7.02701339195909
TTTTGA	-13.8619023630702	43672	-28.836049029426
TTTTGC	-6.0689736411763	36079	-11.4750312307435
TTTTGG	-9.03092809280928	39996	-17.9784415808948
TTTTTC	-18.3639067366235	71282	-48.8052335971385
TTTTTG	-16.6846079753419	51910	-37.8401544495543
