kmer	auc	count	MOCCS2score
AAAAAA	-30.9340460564458	86242	-90.4289559308973
AAAAAC	-20.0399434805069	32909	-36.1880527122796
AAAAAG	-22.8504979868616	42471	-46.876296402242
AAAAAT	-28.7927237679861	51359	-64.953477786554
AAAACA	-16.8590344353209	46522	-36.197057300435
AAAACC	-9.12348629700446	25104	-14.3894325006002
AAAACG	-4.49651494349984	9469	-4.35551464567194
AAAACT	-18.0141906036583	29139	-30.6100087962613
AAAAGA	-21.2011863157644	42063	-43.2834294560553
AAAAGC	-9.85522823779193	30144	-17.0325042593465
AAAAGG	-10.6695451018707	34799	-19.8125631894726
AAAAGT	-20.8303280911063	29504	-35.6162293409464
AAAATA	-30.6000105786523	47265	-66.2220753074584
AAAATC	-20.5556152904972	26971	-33.603954238767
AAAATG	-18.2739060526014	43535	-37.954392223994
AAAATT	-29.1610528050992	36398	-55.3800493891722
AAACAA	-15.5059863531441	39423	-30.6468336841053
AAACAC	-5.42142178709725	27374	-8.92881258550511
AAACAG	-2.49725878758459	35021	-4.65199458537022
AAACAT	-16.8453088098476	27946	-28.0317481983658
AAACCA	-1.71454480158017	27845	-2.84795962461694
AAACCC	-2.34152132427994	22533	-3.49879908833626
AAACCG	10.0282734010431	7286	8.52083446199475
AAACCT	-6.28866277775303	22457	-9.38092265795136
AAACGA	-4.44172459695311	6761	-3.63553620729408
AAACGC	9.48345041076319	8399	8.65150269316675
AAACGG	3.92012410268889	8219	3.5376974240974
AAACGT	-1.37672311933832	7617	-1.19605172695227
AAACTA	-18.243265191823	17855	-24.2657588660501
AAACTC	-8.41817076592163	21386	-12.2544519042836
AAACTG	-3.948829080741	28610	-6.64872919462566
AAACTT	-16.3122012476707	24686	-25.5122823214328
AAAGAA	-19.5881901055004	48815	-43.0806588126745
AAAGAC	-10.2049317850678	22649	-15.2878355000534
AAAGAG	-9.76153412295544	35460	-18.2977976888807
AAAGAT	-17.3776284324235	24254	-26.9397507102905
AAAGCA	-4.83342393520154	36791	-9.22862637285731
AAAGCC	-0.0126186219227055	29084	-0.0214215245210381
AAAGCG	9.10595300261097	9575	8.86964371323881
AAAGCT	-3.59141367107469	26845	-5.85744898362763
AAAGGA	-7.35744149288737	39226	-14.5052496653084
AAAGGC	2.91966092234704	28666	4.92070516972958
AAAGGG	-0.51320052802112	33332	-0.932672475271219
AAAGGT	-8.95979741191295	20633	-12.8112279365119
AAAGTA	-21.1310214608087	21714	-30.9957241308085
AAAGTC	-10.4745725344177	20411	-14.8963486671141
AAAGTG	-6.58444847660089	26454	-10.6604725774418
AAAGTT	-18.0698536945207	24401	-28.0976389624079
AAATAA	-28.925551282343	43943	-60.3584217520235
AAATAC	-19.1409716308878	22313	-28.4612743314499
AAATAG	-19.5951540294818	22658	-29.3610002641742
AAATAT	-31.3584696261682	34240	-57.7607889936041
AAATCA	-16.1533897393611	27893	-26.8548458668429
AAATCC	-8.81402494126151	22132	-13.0525686168356
AAATCG	-2.72282828282828	4950	-1.90692771887293
AAATCT	-17.9080558371676	25646	-28.5476022975964
AAATGA	-14.7119836831726	37017	-28.1762520176262
AAATGC	-5.48516995815285	27242	-9.01199541550564
AAATGG	-6.88249091742795	28351	-11.5356273228519
AAATGT	-17.2337804985208	34141	-31.6978681824132
AAATTA	-28.8248538311621	29247	-49.0703499637589
AAATTC	-16.3005247257116	25156	-25.7355679494734
AAATTG	-16.3275335338202	20949	-23.5241322263291
AAATTT	-29.6807428291248	16316	-37.7392263877196
AACAAA	-16.1858785807033	37737	-31.2990634983286
AACAAC	-5.69648552687007	16617	-7.30961810016344
AACAAG	-3.36817620810785	21066	-4.8662814419578
AACAAT	-14.6681733083712	18695	-19.9641188413098
AACACA	-2.46335947989541	28302	-4.12522589995491
AACACC	5.43951819579703	17559	7.17499664532952
AACACG	14.2038398692811	7344	12.1166756007735
AACACT	-1.02466997942077	19923	-1.43970250093879
AACAGA	-4.86373172949158	28598	-8.18745304604009
AACAGC	14.6020879882888	25958	23.4186552963808
AACAGG	6.74136297232202	25327	10.6795011184466
AACAGT	-1.09149202377228	19182	-1.50480036815862
AACATA	-21.2156888423258	15272	-26.098555697534
AACATC	-1.53512575888985	16142	-1.94148486639831
AACATG	-4.05147666253614	19368	-5.61263899000102
AACCAA	-3.89139668115369	20248	-5.51198401361649
AACCAC	13.3608665022895	19873	18.7489832043528
AACCAG	7.32088784044607	23315	11.1273780224547
AACCAT	-6.41081580443434	14072	-7.57011698992328
AACCCA	-0.103882358239876	22203	-0.154084519558859
AACCCC	-1.70517331558176	21031	-2.46155683960118
AACCCG	10.6351150705271	9429	10.2798408298526
AACCCT	-0.06117622866543	19452	-0.0849329502352166
AACCGA	8.01281575037147	5384	5.85260294106549
AACCGC	19.9366596768225	8107	17.8687371757946
AACCGG	15.1470104223807	7292	12.8754267759319
AACCGT	8.86077981651377	4360	5.82406976348381
AACCTA	-10.1325538743696	10905	-10.5327829705721
AACCTC	2.78247831209168	18674	3.78496479395866
AACCTG	4.84830622990541	21461	7.07011372135917
AACGAA	-4.60252758988964	5618	-3.43398700277297
AACGAC	6.51885369532429	3978	4.0927479779984
AACGAG	6.46896042043028	6089	5.02480092187272
AACGAT	-3.31015965166908	3445	-1.93399315591634
AACGCA	15.8581275564308	6601	12.8253182997937
AACGCC	20.6055683053509	8279	18.6631487417607
AACGCG	21.1743580200968	5374	15.451493447839
AACGCT	13.7434558934786	6609	11.121803252328
AACGGA	10.9187657430731	6352	8.66243865936188
AACGGC	16.601463980287	6899	13.7262163229642
AACGGG	9.64000511901714	7814	8.48252888204111
AACGGT	8.08702132538409	4361	5.3160983963271
AACGTA	-5.98971312662996	3451	-3.50259466114562
AACGTC	11.647098001903	5255	8.40456942579473
AACGTG	13.7817644841021	7957	12.23744864032
AACGTT	-4.22919708029197	2740	-2.20365997774277
AACTAA	-17.1512139762019	14539	-20.586073191018
AACTAC	-0.793490460157123	10692	-0.816737626883057
AACTAG	-6.87546633505063	11258	-7.26179795178129
AACTAT	-21.3851436757394	11867	-23.1896408562319
AACTCA	-4.32948593598448	20620	-6.18859472433098
AACTCC	2.69124073255757	20367	3.82320387851364
AACTCG	9.7937736498108	5814	7.43359601551939
AACTCT	-8.09911766131769	20627	-11.5788951599497
AACTGA	-3.55171563130746	22295	-5.27901995983304
AACTGC	14.8117817434364	21406	21.5718029027524
AACTGG	4.15526577023735	22162	6.1576451898534
AACTGT	-2.71651090342679	19260	-3.75276157356039
AACTTA	-20.6368485217921	13124	-23.5335728423845
AACTTC	-3.28407857072351	20262	-4.65335379816069
AACTTG	-2.30923838328292	18185	-3.09982230782832
AAGAAA	-19.4736119050692	54229	-45.1412610963121
AAGAAC	-5.75955384036144	21248	-8.35717026454041
AAGAAG	-10.2075557645399	34027	-18.7432531462515
AAGAAT	-17.1244207599629	25896	-27.4311245793629
AAGACA	-5.81431833247404	27154	-9.53733618506254
AAGACC	-2.18152828276807	16777	-2.81273863892976
AAGACG	5.86586618723514	7787	5.15262596900645
AAGACT	-6.70409959107614	19319	-9.27564582647365
AAGAGA	-10.1281290614228	35394	-18.9672963253682
AAGAGC	4.46511446815138	25684	7.12320276153222
AAGAGG	3.98730048577377	36025	7.53342275367766
AAGAGT	-7.26240302164148	19592	-10.1188489090205
AAGATA	-22.1204753199269	16410	-28.2072095149352
AAGATC	-8.20926976920166	13215	-9.39397695160962
AAGATG	0.0670303511208121	25205	0.105931768875145
AAGCAA	-4.17059153350153	28536	-7.01302818804673
AAGCAC	5.88165279659377	20668	8.4170515952104
AAGCAG	8.45296215030171	36460	16.0667721787354
AAGCAT	-5.66363823544551	19427	-7.85795892236229
AAGCCA	7.84100884167674	31442	13.8400737490577
AAGCCC	3.32551126516465	28850	5.62267150282606
AAGCCG	14.5926312409697	12458	16.2132153139865
AAGCCT	3.33328240776106	26182	5.36889485231444
AAGCGA	10.9419578400231	6926	9.06457944802686
AAGCGC	18	10730	18.5602467284433
AAGCGG	15.6310766721044	12260	17.2284222583755
AAGCGT	11.7046763808878	5902	8.95097598991465
AAGCTA	-5.51909899402245	13718	-6.4346504882633
AAGCTC	4.28959526444969	20779	6.15516951208781
AAGCTG	10.0154159215638	32434	17.9548021854353
AAGCTT	-6.06859169199594	9870	-6.00147323516633
AAGGAA	-4.59906256232963	45123	-9.72477763269229
AAGGAC	3.01084793936523	21110	4.35456039258328
AAGGAG	3.03433785867025	40218	6.05739018721634
AAGGAT	-6.04938852304798	19134	-8.32963060121297
AAGGCA	6.61359606830695	32149	11.8040972771695
AAGGCC	9.47595775755532	26703	15.4139704826626
AAGGCG	18.3984652550803	14074	21.7270993081694
AAGGCT	7.90822610799516	27279	13.0018358864743
AAGGGA	1.76204146279379	35357	3.29811053645271
AAGGGC	9.40018103723688	28171	15.7053901170277
AAGGGG	5.12508559349788	33589	9.34998769141839
AAGGGT	0.671820940011713	18787	0.916629084068573
AAGGTA	-11.3199508254303	14235	-13.4441904199473
AAGGTC	2.59372077071772	16037	3.26961158558163
AAGGTG	6.95656508117346	24577	10.8560207882045
AAGGTT	-5.59871627243551	16826	-7.22920067660069
AAGTAA	-19.4095596985323	20168	-27.4383807958228
AAGTAC	-6.99928724162508	11224	-7.381404832888
AAGTAG	-9.07043558850788	15106	-11.097221711458
AAGTAT	-21.8449384787472	14304	-26.0070418039081
AAGTCA	-2.93605007441128	22846	-4.41753423124638
AAGTCC	4.46640894368405	19142	6.15125200375945
AAGTCG	5.91837094499294	5672	4.43692075431488
AAGTCT	-7.77509426271272	19626	-10.8425875924522
AAGTGA	-0.804793582469182	25555	-1.28065994485544
AAGTGC	10.1240569318851	18689	13.77713740445
AAGTGG	6.73001734195176	25372	10.67099493478
AAGTGT	-2.7894018887723	19060	-3.83339805239015
AAGTTA	-17.7896138074546	16339	-22.6355283247884
AAGTTC	-3.96813697040046	17230	-5.18490343429783
AAGTTG	-3.00407009609949	17690	-3.97727259433237
AATAAA	-28.6113077244464	40689	-57.44967758039
AATAAC	-19.3001662085278	15643	-24.0288203690196
AATAAG	-21.0048462098717	17849	-27.9343023829696
AATAAT	-31.5621279615248	25367	-50.0394133834772
AATACA	-19.2127376711985	19933	-27.0014424573488
AATACC	-9.32135523613963	10714	-9.6043119882241
AATACG	-6.47568560927338	3537	-3.83366945704841
AATACT	-18.0677840211845	15483	-22.3791623255697
AATAGA	-20.9375514040653	17022	-27.1920883590785
AATAGC	-5.55122149837133	12280	-6.12349149342134
AATAGG	-9.70588692140416	12876	-10.9631937746105
AATAGT	-18.787501992667	12546	-20.9475415407163
AATATA	-35.6037598670545	19256	-49.1801989132022
AATATC	-22.7664393209282	13489	-26.3206353554244
AATATG	-22.0717999075786	17312	-28.9083131896515
AATATT	-29.9683901956629	14157	-35.4944466320432
AATCAA	-16.221045008315	18641	-22.0457466217378
AATCAC	-0.696631205673757	16920	-0.902016502859285
AATCAG	-0.561577873713172	21079	-0.811608093351577
AATCAT	-15.2196171706875	17658	-20.1319509587192
AATCCA	-6.59967181875925	18892	-9.02968681400683
AATCCC	0.811636644933144	18098	1.08689681963569
AATCCG	10.1411856474259	5128	7.22893168253667
AATCCT	-5.4323211528564	19430	-7.53760224806398
AATCGA	-2.99357568160451	3191	-1.68331356553127
AATCGC	17.1839219127002	4559	11.5496404816784
AATCGG	12.0157232704403	4452	7.98066120647914
AATCGT	-0.755392579810177	3477	-0.443390556261216
AATCTA	-21.6163212231066	12689	-24.2385626871327
AATCTC	-10.3659250931897	16901	-13.4145357170366
AATCTG	-5.78905383910927	20747	-8.30035411925703
AATCTT	-17.6467056323061	18820	-24.0982125071861
AATGAA	-16.2683892063686	32723	-29.2942571268642
AATGAC	2.01365887427446	18779	2.74684093226009
AATGAG	-2.27881522165555	25490	-3.62164108709358
AATGAT	-15.9164219742672	18731	-21.6838954977998
AATGCA	-1.64978480419312	23467	-2.51574990428884
AATGCC	5.96819731515022	18772	8.13972672937974
AATGCG	16.0383088527193	5038	11.331803452303
AATGCT	-1.45544787354159	21256	-2.11226695913992
AATGGA	-5.84301206926709	22868	-8.79553486032116
AATGGC	11.0707459516857	18835	15.1241534879075
AATGGG	-0.453913576174542	21221	-0.658214543673636
AATGGT	-5.10620557681793	14632	-6.14839160503073
AATGTA	-19.9384653989851	17933	-26.5784458449832
AATGTC	-5.79996536196744	17322	-7.59863871669702
AATGTG	-2.46474184498136	23881	-3.7914826391669
AATGTT	-16.0316205533597	24288	-24.8705094409395
AATTAA	-28.661993009835	24606	-44.7546612891699
AATTAC	-17.1171842361788	14362	-20.4197850136313
AATTAG	-18.0651513149201	15134	-22.1222780967133
AATTAT	-30.6979565772669	21924	-45.2460575136188
AATTCA	-15.622392032283	23294	-23.7345469673793
AATTCC	-5.17682017227275	20781	-7.42861206564595
AATTCG	-1.15987294865007	3778	-0.709664001164363
AATTCT	-16.5940784722779	24926	-26.0789927691675
AATTGA	-18.4250444535631	14622	-22.1780476996963
AATTGC	0.200388249945061	13651	0.23305899259076
AATTGG	-7.87705624595934	13921	-9.25146568625425
AATTGT	-15.9614743856726	16807	-20.5982101390617
AATTTA	-28.6662476818463	24265	-44.4500624882233
AATTTC	-16.2809478522745	25236	-25.7454995899326
AATTTG	-17.691099239406	22088	-26.1724509523185
ACAAAA	-18.0232915386532	36129	-34.1014980321545
ACAAAC	-3.30385852090032	20837	-4.74734087307291
ACAAAG	-5.28064981949459	27700	-8.74860144928012
ACAACA	0.0310708435708459	19536	0.0432297025054116
ACAACC	4.1837079477009	13614	4.8592093732393
ACAACG	12.0976154992548	4697	8.25318226562051
ACAAGA	-0.563559113905396	20359	-0.800440542927421
ACAAGC	8.78660999577984	16587	11.2646227418958
ACAAGG	11.0525201475208	21963	16.3049144747086
ACAAGT	-2.66537364896227	15081	-3.25825108711737
ACAATA	-19.4762808349146	13702	-22.6939131680715
ACAATC	-4.08719346049046	11010	-4.2690400913824
ACAATG	-0.926246242840127	17633	-1.22433690956853
ACACAA	-1.94303350970018	22680	-2.91281696064165
ACACAC	6.302822273074	31464	11.1289299000025
ACACAG	9.67487606180963	34493	17.8863726018398
ACACCA	13.8942662371014	21417	20.2407366257848
ACACCC	11.1213848247703	23512	16.9752052526615
ACACCG	17.8491855902984	8411	16.2949713339042
ACACGA	9.81281407035176	5572	7.29139293359446
ACACGC	23.664124091328	9767	23.2799694990559
ACACGG	18.5110134384157	9897	18.3313040272361
ACACGT	15.8741035856574	7530	13.7119138861721
ACACTA	3.05388949472919	11004	3.18889329935489
ACACTC	7.60228600033373	17979	10.1470160928251
ACACTG	13.3717987119964	26708	21.7531369148716
ACAGAA	-5.20232745708031	34716	-9.64881332080045
ACAGAC	5.60264560157053	21394	8.15737686021073
ACAGAG	5.69447319106089	35753	10.7181832069698
ACAGCA	17.2939557151406	33420	31.4708841603801
ACAGCC	17.8013892575878	33903	32.627540751957
ACAGCG	30.6230211569759	13518	35.4417889042254
ACAGGA	10.8393558766204	32323	19.3986132866392
ACAGGC	17.3513799675302	28334	29.0736356861193
ACAGGG	10.991643276346	31352	19.3734349845768
ACAGGT	2.45878418791801	18391	3.31920795629772
ACAGTA	-3.093461120174	14712	-3.73501112043618
ACAGTC	8.49717579250721	17350	11.1412962354477
ACAGTG	13.3512726729865	26794	21.7546860988848
ACATAA	-20.8170098312002	16173	-26.352694031154
ACATAC	-12.1478936495105	11133	-12.7590536851577
ACATAG	-8.24997739397775	11059	-8.63618757788787
ACATCA	1.9034021871203	18106	2.54948934397737
ACATCC	10.0948981319488	17719	13.3762052446431
ACATCG	14.1302849264706	4352	9.27911894044207
ACATGA	-0.132705131922294	17245	-0.173472523614217
ACATGC	9.19727228446177	16424	11.733022167189
ACATGG	7.28822023047375	19525	10.1374421227943
ACATGT	-6.0007675050183	8469	-5.49710770516227
ACATTA	-17.1416320514538	14926	-20.8466015857993
ACATTC	-2.35119263206913	19327	-3.25373226943311
ACATTG	-1.15038269550748	15025	-1.40365688318384
ACCAAA	-7.50974794596853	21543	-10.9721018556547
ACCAAC	8.24319740710032	13267	9.45134124928441
ACCAAG	6.12701730507486	20572	8.74779795754569
ACCACA	16.7325516582394	25117	26.3971740736033
ACCACC	18.4656648792451	24057	28.5099898541428
ACCACG	22.996688056303	9662	22.5014336663564
ACCAGA	13.6649779829849	23391	20.8038977148618
ACCAGC	22.2019351968562	26974	36.2973472564792
ACCAGG	22.3225499524263	31530	39.456373672783
ACCATA	-10.3062799361362	9395	-9.94401351206465
ACCATC	8.39015202475447	14866	10.1830593125202
ACCATG	10.6484624180057	16617	13.6638973736375
ACCCAA	0.574805308763849	18234	0.772632771271296
ACCCAC	8.55364713340466	25239	13.5269156246263
ACCCAG	9.07673956810723	36259	17.2047816400279
ACCCCA	-2.93555934990197	31626	-5.19666088831272
ACCCCC	-3.12836798225212	27947	-5.2059118363256
ACCCCG	4.97256251048834	17877	6.61818572508933
ACCCGA	6.7667514303878	7865	5.97366640341938
ACCCGC	15.0481023830539	15862	18.8656637345442
ACCCGG	9.19331006399069	17190	11.9983416798346
ACCCTA	-2.35586552217453	11184	-2.48005010262282
ACCCTC	6.19223358529717	26988	10.1261430990617
ACCCTG	9.64032278322031	31848	17.1255306282252
ACCGAA	4.52015209125476	5260	3.26330224010477
ACCGAC	17.3506917755573	5204	12.4593910817767
ACCGAG	11.8571785393146	10009	11.8083191621249
ACCGCA	20.7717167086867	8726	19.3148515377242
ACCGCC	25.0124544349939	16460	31.9435077688874
ACCGCG	21.2493985179482	10391	21.5618833900227
ACCGGA	21.9740179015415	8044	19.6180972931865
ACCGGC	18.2489744961655	11214	19.2366799373803
ACCGGG	8.82184820577962	12596	9.85569569721001
ACCGGT	16.5434146341463	2050	7.45612987821726
ACCGTA	5.86977381768334	2918	3.15627902755288
ACCGTC	15.9282071713147	6275	12.559869872722
ACCGTG	16.8883065455393	8586	15.5773265631818
ACCTAA	-8.27272727272727	11726	-8.91733395189224
ACCTAC	7.15847779734866	10787	7.40086361064503
ACCTAG	13.4150316066005	12181	14.738203570969
ACCTCA	5.66722587572138	22353	8.43431487978862
ACCTCC	10.8693879493607	31517	19.2082988832317
ACCTCG	14.3231890048569	9677	14.0256007563584
ACCTGA	2.29895508891792	19906	3.22874588862189
ACCTGC	17.7565809795106	29137	30.1712388102955
ACCTGG	10.0759075400363	32533	18.0907932058793
ACCTTA	-9.55389671361502	10650	-9.81446712934825
ACCTTC	4.41730822743716	21562	6.45674454212732
ACCTTG	7.99572604194319	18835	10.9232556174044
ACGAAA	-3.27871198568873	5590	-2.44017262847694
ACGAAC	7.33216216216216	3700	4.43960470116716
ACGAAG	6.21276271702711	6566	5.01125595416733
ACGACA	16.2463307776561	4565	10.9266507352472
ACGACC	7.12555331991952	4970	5.00043939083655
ACGACG	16.0132930513595	3310	9.1707747698078
ACGAGA	9.93357118586477	5886	7.58624590942377
ACGAGC	16.7538961038961	6160	13.0893341011793
ACGAGG	15.340619033263	9951	15.2330766387363
ACGATA	-3.51417099669343	2117	-1.60951377587104
ACGATC	7.18694729395119	2827	3.80380936433823
ACGATG	12.2374226006192	5168	8.75714598370501
ACGCAA	19.2427543473916	5003	13.5485826882803
ACGCAC	24.0626758761832	7818	21.1788870050815
ACGCAG	23.107622963783	12646	25.8668318887208
ACGCCA	27.4321610767394	9213	26.2102966815158
ACGCCC	22.2197067981318	15416	27.4622144238003
ACGCCG	22.533151446515	9713	22.1059920281343
ACGCGA	19.2003162247628	4111	12.2544408235565
ACGCGC	27.3812776601886	10394	27.7879458923666
ACGCGG	18.8563239992483	10642	19.3633296091307
ACGCGT	22.9264069264069	1848	9.810663028686
ACGCTA	14.666228454572	3423	8.54148287162827
ACGCTC	19.1231509744071	8518	17.568700959544
ACGCTG	22.4836718438869	12555	25.0776580157892
ACGGAA	13.931234256927	7940	12.3569481775059
ACGGAC	17.6439509954058	5877	13.4643399213864
ACGGAG	13.7497422680412	11640	14.7666651482652
ACGGCA	22.1707840332857	7691	19.3545837795751
ACGGCC	16.8652979066022	12420	18.7096728608883
ACGGCG	22.0896821941663	9188	21.0771234890986
ACGGGA	15.1524037502494	10026	15.1027753777647
ACGGGC	12.3863974692966	10748	12.782630052662
ACGGGG	8.70275344180225	13583	10.096385143338
ACGGGT	10.7058349740469	5587	7.96565071926376
ACGGTA	6.34642513626162	3119	3.52815964204335
ACGGTC	14.6206112424959	5497	10.7904554757956
ACGGTG	17.2957071257355	9178	16.4939140974238
ACGTAA	2.48213830058688	3919	1.54676731665838
ACGTAC	8.89901650860555	2847	4.7265812201941
ACGTAG	12.1319981260248	4269	7.89054118578187
ACGTCA	36.1075697211155	8032	32.2122816331624
ACGTCC	17.1875541795665	8075	15.3743486236317
ACGTCG	24.0455856895557	3466	14.0916230760496
ACGTGA	26.2883760683761	8775	24.5131261715199
ACGTGC	23.3415841584158	8989	22.029132591518
ACGTGG	24.1733307897749	13105	27.5464974990257
ACGTTA	-1.32781641168289	3595	-0.792499247688619
ACGTTC	11.856940509915	5648	8.87015816727101
ACGTTG	14.4901477832512	5278	10.4789769925538
ACTAAA	-18.4035804212983	16283	-23.3765767583116
ACTAAC	-2.20430292598967	8715	-2.04840747476953
ACTAAG	-3.20807136788445	11770	-3.46452445864209
ACTACA	4.42740499961303	12921	5.00966509488385
ACTACC	4.61050040077865	8733	4.28885312020331
ACTACG	12.7422486235874	3451	7.45126370101775
ACTAGA	14.9813237711041	13386	17.2538881894863
ACTAGC	7.53646902548002	8281	6.82685517714854
ACTAGG	23.5765238943536	12911	26.666811624422
ACTAGT	-5.29046858359957	3756	-3.22751530685075
ACTATA	-25.4931997136722	8382	-23.2332280625942
ACTATC	-12.4462381089651	6938	-10.3196895394379
ACTATG	-5.27967133292757	9858	-5.21810331881485
ACTCAA	-2.54401609319642	16653	-3.26796558552929
ACTCAC	15.1249722875006	22553	22.6103938108789
ACTCAG	13.0911264704856	28647	22.0560618832956
ACTCCA	7.60457299360943	24098	11.7510510233333
ACTCCC	9.61514872738424	26088	15.459227141184
ACTCCG	13.9284095591265	9708	13.6608521631291
ACTCGA	8.90915492957747	4260	5.78832209843623
ACTCGC	19.5936914428482	8005	17.4505175476701
ACTCGG	10.9501984126984	10080	10.9436862513061
ACTCGT	6.72691552062869	4072	4.27298371256826
ACTCTA	-8.33439979523931	11721	-8.98189640001986
ACTCTC	1.8206853111615	19845	2.55312347698401
ACTCTG	5.72045555391214	27044	9.3643461383131
ACTGAA	-4.23754058441558	24640	-6.62133561444536
ACTGAC	11.8823443608145	17139	15.4848232649076
ACTGAG	6.70181255526083	27144	10.9910853202861
ACTGCA	19.8318832283915	26205	31.9571041242298
ACTGCC	28.4577908293235	28264	47.6243843144021
ACTGCG	25.2983790183043	10981	26.3891267867981
ACTGGA	7.17754223252733	24152	11.1035968661663
ACTGGC	20.3632094018961	22889	30.6669804220236
ACTGGG	9.9729057676161	30966	17.469305883294
ACTGGT	10.6171456888008	15135	13.0020061918348
ACTGTA	-2.51237780434629	14219	-2.98215940585255
ACTGTC	9.79623850654779	17945	13.0629859773997
ACTGTG	10.8673057517659	26757	17.6950573491753
ACTTAA	-18.7136532785833	15586	-23.2561218237432
ACTTAC	-7.63089526568299	11047	-7.98378896899489
ACTTAG	-8.27844408427876	12340	-9.15414271042029
ACTTCA	-3.42702459365967	21103	-4.9556508392304
ACTTCC	15.4497301056397	30197	26.7247822682791
ACTTCG	5.483865184654	5578	4.0769689471487
ACTTGA	-3.67862642439174	16235	-4.66576876834214
ACTTGC	8.44776452579884	15679	10.5296117698761
ACTTGG	6.53368498982048	21612	9.561302319685
ACTTTA	-20.9916232420015	17847	-27.9151530916265
ACTTTC	-7.21143729848974	23572	-11.021264548359
ACTTTG	-6.03883407259888	22094	-8.93514594726458
AGAAAA	-18.8191107984052	59694	-45.7694631993165
AGAAAC	-5.66404544159995	31601	-10.0227874609236
AGAAAG	-8.48289691746769	45255	-17.9634129301995
AGAACA	-0.564426567950451	28094	-0.941728288226306
AGAACC	0.736727456940226	19740	1.03036668712491
AGAACG	11.4533333333333	7950	10.1654555070205
AGAACT	-2.73964640883978	22625	-4.1020428003161
AGAAGA	-7.93410425338368	36277	-15.0426712508552
AGAAGC	2.55682724762197	32590	4.5946765632876
AGAAGG	2.72618192624879	40379	5.45310666756364
AGAAGT	-5.32114548189098	24601	-8.30793121982585
AGAATA	-21.6722803136939	19892	-30.4267253056504
AGAATC	-7.59459010952539	18078	-10.1646144320602
AGAATG	-3.19499178981937	26796	-5.20614320596687
AGACAA	-5.7576438648805	22469	-8.59108566519029
AGACAC	7.03779987032635	23135	10.6557259834004
AGACAG	7.64872465266166	32893	13.8086794632115
AGACCA	6.79789948959561	20376	9.65929843029309
AGACCC	-4.61730809674028	23775	-7.08696840079965
AGACCG	12.6887857501254	7972	11.2775584972692
AGACCT	1.83825664647274	19973	2.58606344244992
AGACGA	4.66641629110332	5991	3.59537768389861
AGACGC	17.9093175020393	11033	18.7256638945496
AGACGG	11.1719325450669	10318	11.2963319432492
AGACGT	10.4235240134598	6538	8.38973818994877
AGACTA	-8.16226191561104	10973	-8.51107848220867
AGACTC	3.16107752956636	19025	4.34019117346816
AGACTG	7.36927229359333	23897	11.3398595284742
AGAGAA	-7.20087886558397	45627	-15.3111510713809
AGAGAC	0.72767256943111	26033	1.1687173523164
AGAGAG	0.435157387190687	43968	0.908293267421503
AGAGCA	10.8154789342675	32541	19.4210444511168
AGAGCC	10.1524353919038	35251	18.9743686543764
AGAGCG	21.7459771649863	14977	26.4912664993723
AGAGCT	6.85488726520117	31889	12.1851855320583
AGAGGA	5.04555867490174	44525	10.5979680061462
AGAGGC	12.4235699955962	40874	25.0023805195078
AGAGGG	23.165193460602	48873	50.9778845926257
AGAGGT	4.12973523421589	24550	6.44108953790375
AGAGTA	-8.58351225290589	13507	-9.93015118109074
AGAGTC	2.46396630615641	19232	3.40140518148951
AGAGTG	7.70175756842826	24807	12.075033559241
AGATAA	-20.3113299163744	18535	-27.5261856543692
AGATAC	-11.725800647715	11116	-12.3063186034225
AGATAG	-11.4829794549987	11633	-12.3285451763808
AGATCA	-3.31761047463175	15275	-4.08157124919252
AGATCC	1.60332533869191	15427	1.9823200561917
AGATCG	9.51957940536621	4137	6.09497460301506
AGATCT	-5.847526309423	8267	-5.29245936669658
AGATGA	-0.989995517339742	24539	-1.5437360194637
AGATGC	6.20456109308955	20346	8.80971713843294
AGATGG	19.3326651618772	29683	33.1556086039845
AGATGT	0.208497776889646	20017	0.293638030388273
AGATTA	-19.8771595243437	13371	-22.8795588633465
AGATTC	-7.40410382743496	16643	-9.50823015992042
AGATTG	-3.84704484704485	13468	-4.44416507478725
AGCAAA	-1.06812523341217	32132	-1.90591019510711
AGCAAC	11.5009647336263	18658	15.6378914868691
AGCAAG	9.12651400802563	27163	14.9728740240043
AGCACA	13.8288399267915	28412	23.2032079172944
AGCACC	19.2750202008542	25989	30.9315017245902
AGCACG	20.5164224604189	10169	20.5945418939468
AGCAGA	15.7853656616547	38109	30.6746631365121
AGCAGC	22.3809611754083	48732	49.1809859209985
AGCAGG	22.7425539913948	47878	49.5357352677825
AGCAGT	14.4236216087199	25138	22.7641301814996
AGCATA	-5.59089345601514	11629	-6.00155486180999
AGCATC	8.20058708414873	19418	11.3751877184284
AGCATG	14.0215138868902	20847	20.1524600423091
AGCCAA	14.784270234892	27502	24.4058203519725
AGCCAC	21.8393427172955	32893	39.4278127354751
AGCCAG	18.9735304855787	46563	40.7549162791337
AGCCCA	10.0744749770556	37046	19.3020956221964
AGCCCC	4.01757497581426	46515	8.62525377766733
AGCCCG	11.3559741077048	22246	16.8601618428799
AGCCGA	16.1494481635607	11054	16.9016380110339
AGCCGC	18.3256730137886	24368	28.4761489036878
AGCCGG	14.3833774920732	23023	21.7246713158243
AGCCGT	15.8313174433772	8433	14.4716978526121
AGCCTA	4.31871035940803	13244	4.94737743082436
AGCCTC	12.0355887860056	38987	23.6558538896857
AGCCTG	17.5615535934855	43718	36.5514369712208
AGCGAA	15.4224431818182	7040	12.8810387753049
AGCGAC	20.8971175971902	8257	18.9020500186349
AGCGAG	18.9975127913587	14072	22.4329318974778
AGCGCA	23.495278069255	11436	25.0108839862748
AGCGCC	31.3410333458537	23961	48.2922188566569
AGCGCG	22.8500387342828	16781	29.465053797942
AGCGCT	18.8361204013378	6578	15.2072179906059
AGCGGA	19.2935851412518	12814	21.740357171278
AGCGGC	20.829489076508	22978	31.4301250519409
AGCGGG	14.9862125639153	21904	22.0782670856999
AGCGGT	21.3756649758753	8083	19.130102744745
AGCGTA	11.541774611399	3088	6.38443712075524
AGCGTC	18.9094042596975	9719	18.5566688106281
AGCGTG	23.0392951461616	10981	24.0326417850969
AGCTAA	-2.77533552451383	14604	-3.33858767622272
AGCTAC	7.74541916653154	12334	8.56265166575505
AGCTAG	8.85057085292143	13401	10.1988514419974
AGCTCA	13.2678950702388	26837	21.6361702622134
AGCTCC	15.9824088007887	38542	31.2335060345548
AGCTCG	13.7903862418946	10641	14.1605144255364
AGCTGA	13.6954116234546	30817	23.9321462418485
AGCTGC	22.8227820696885	43881	47.5902756623391
AGCTGG	16.2690718061387	45971	34.7229112712744
AGCTGT	14.8990500401391	29896	25.6434527577695
AGCTTA	-3.8859778597786	12195	-4.27171828068728
AGCTTC	5.09373616644533	27108	8.34827149177661
AGCTTG	10.7283380336478	20566	15.3150614544296
AGGAAA	-3.05543331229146	55445	-7.16168775711791
AGGAAC	6.78027528474263	24847	10.6388745044603
AGGAAG	9.42357403279597	57873	22.5665424663933
AGGACA	9.30082719400284	30948	16.2873057287241
AGGACC	6.00517100802472	23303	9.12520596907537
AGGACG	16.3651262761956	13027	18.5931488622776
AGGAGA	2.55872540730754	43763	5.32829919620648
AGGAGC	12.7175443816324	40332	25.4237447849574
AGGAGG	14.3213601759967	63183	35.8340394685103
AGGAGT	4.69046813549288	23647	7.1798536960399
AGGATA	-9.77132710280373	13375	-11.2489458530038
AGGATC	2.74598081376117	15115	3.36057005587332
AGGATG	9.78913555571418	28018	16.3107633634936
AGGCAA	7.40988759763765	26245	11.9494051888361
AGGCAC	16.2823809711338	25393	25.8277335538081
AGGCAG	18.4505955006617	54408	42.8403635585761
AGGCCA	17.1764932139128	36398	32.620051439053
AGGCCC	7.50994217307498	39428	14.8439795014925
AGGCCG	14.7965295457591	22389	22.0388329436084
AGGCCT	10.077206512425	17505	13.2718845534399
AGGCGA	18.1556990748822	11458	19.3454467680877
AGGCGC	24.4038078871201	22112	36.1229316515735
AGGCGG	21.7936525864016	30989	38.1896065080205
AGGCGT	21.92965510266	9887	21.7057825320943
AGGCTA	5.53275544079676	13555	6.41213435953736
AGGCTC	11.0092856001279	31285	19.3837855752941
AGGCTG	19.1968971002549	52177	43.649770895652
AGGGAA	3.49928426043973	44709	7.36525996757608
AGGGAC	8.49931129476585	29040	14.4176148956766
AGGGAG	13.1026922747149	58315	31.4964829093763
AGGGCA	22.8643355436685	40567	45.8412456284348
AGGGCC	10.0134730931703	38113	19.4595450110376
AGGGCG	29.5286872820979	26388	47.7483927346961
AGGGCT	11.1965164959583	37979	21.7203123361827
AGGGGA	5.49463883287867	42155	11.2298790057386
AGGGGC	9.34728256051068	45116	19.7634174614127
AGGGGG	24.58247167051	40329	49.1411881868417
AGGGGT	2.64277804144914	25284	4.18306833728434
AGGGTA	-0.449617974128145	13219	-0.514581708808899
AGGGTC	-2.81146266745919	21871	-4.13883411709911
AGGGTG	15.5736291359757	34212	28.6741424956188
AGGTAA	-9.76337906315659	16182	-12.3631070179568
AGGTAC	-1.49201419698314	10143	-1.4957793987467
AGGTAG	0.0959269128283239	15762	0.119882974132129
AGGTCA	9.18539777549471	22387	13.6806677896928
AGGTCC	7.24548875808164	20726	10.3833337316008
AGGTCG	12.3924234424499	7576	10.7371150503789
AGGTGA	3.84054552156285	27130	6.29693474991766
AGGTGC	11.5311566921978	23109	17.4491722170447
AGGTGG	25.066424021838	41762	50.9911028939337
AGGTGT	5.96254187392142	19702	8.33101619051669
AGGTTA	-4.80898922608767	12159	-5.27854359134603
AGGTTC	2.16727341200101	15932	2.7230789379664
AGGTTG	6.38346992958559	17326	8.36406407181819
AGTAAA	-17.5068259385666	21682	-25.6606978473882
AGTAAC	-2.62431382484587	11841	-2.84263656396264
AGTAAG	-5.32715364890151	14429	-6.36978419521281
AGTACA	-2.78588748787584	12372	-3.08457196861247
AGTACC	3.82208173402574	8858	3.58079276306892
AGTACG	11.5832187070151	2908	6.21781557875854
AGTACT	-3.29103661869193	5489	-2.42711698292992
AGTAGA	-2.67439703153988	14553	-3.21154140302103
AGTAGC	7.69875776397516	12075	8.42123145287385
AGTAGG	6.3721779099635	14794	7.71510922681683
AGTAGT	-4.6025997221671	10078	-4.59940616495499
AGTATA	-25.3002592632603	9257	-24.2310080874738
AGTATC	-9.76678043230943	8790	-9.11501192219909
AGTATG	-5.8861328125	10240	-5.9291360328783
AGTCAA	-2.5010020667627	15967	-3.14584334701498
AGTCAC	21.1473609252945	23171	32.0434999061367
AGTCAG	15.3271065333891	26311	24.7480071269549
AGTCCA	7.738194905304	19589	10.7809535899187
AGTCCC	7.77708213670305	26115	12.5104542741492
AGTCCG	13.6606295278541	8006	12.1671786696389
AGTCCT	5.73715681320532	23748	8.80078922146909
AGTCGA	6.17151411462789	3507	3.63806947685519
AGTCGC	16.7164036996736	7352	14.2677988858195
AGTCGG	12.0481534259589	8421	11.0055994387658
AGTCGT	8.91752224503765	4383	5.87680547736178
AGTCTA	-7.79799426934097	10470	-7.94269034875796
AGTCTC	1.82715433243025	21039	2.63814801282755
AGTCTG	7.2543944667166	22699	10.8796746612227
AGTGAA	-3.18949547112586	24399	-4.95928860135253
AGTGAC	19.0365488452289	22039	28.1316716050499
AGTGAG	9.98016701461379	28740	16.8419576161973
AGTGCA	16.4642747623428	19566	22.9247711434574
AGTGCC	24.0320740365112	23664	36.7999061138945
AGTGCG	24.0945251396648	8950	22.6903538311454
AGTGCT	12.8499491353001	22609	19.2332848904502
AGTGGA	10.0563115052849	24693	15.7303007091135
AGTGGC	26.1860434766397	26819	42.6876801484604
AGTGGG	9.8469987150462	32686	17.721323291167
AGTGGT	15.5861939497962	18644	21.1846358113306
AGTGTA	-4.91931216931217	11340	-5.21461547599942
AGTGTC	9.75027262813522	18340	13.1440076730572
AGTGTG	14.6483734987672	25146	23.12252403757
AGTTAA	-16.3566676932553	16235	-20.745903626232
AGTTAC	-2.6618925831202	11730	-2.86979524251851
AGTTAG	-2.0064935064935	11935	-2.18202815142747
AGTTCA	0.26379549578397	18738	0.35945155955743
AGTTCC	7.8102739085725	21394	11.3716540692557
AGTTCG	9.20290329622354	4581	6.20035254177334
AGTTGA	-3.0180414109395	14827	-3.65816438590978
AGTTGC	10.3173696937131	14888	12.531369958482
AGTTGG	3.90619760964794	18491	5.28744409203199
AGTTGT	-0.571280858213776	15474	-0.70739558966285
AGTTTA	-17.301803858888	17518	-22.7952848978753
AGTTTC	-4.81904993121307	24714	-7.54126715716086
AGTTTG	-3.440411444786	21145	-4.97995716875683
ATAAAA	-30.1729412413185	36284	-57.2119308738417
ATAAAC	-18.9011312478356	17326	-24.7655702197386
ATAAAG	-20.9713551579749	21016	-30.263064552672
ATAAAT	-29.3807799239099	27336	-48.3550884570554
ATAACA	-19.1314031180401	15266	-23.5299406055433
ATAACC	-7.76513946335772	9429	-7.50573897654761
ATAACG	-4.84588928922371	3053	-2.66531331633991
ATAACT	-19.1672621706119	13434	-22.1143477307072
ATAAGA	-23.7026053031806	15123	-29.0152582159624
ATAAGC	-10.2049972134498	10766	-10.5402632373754
ATAAGG	-11.3905439881491	12151	-12.4986139798197
ATAAGT	-23.5473625557207	10768	-24.3232258914579
ATAATA	-34.7711698764012	17395	-45.6502224743829
ATAATC	-22.6729336803374	11143	-23.8243007058397
ATAATG	-20.5390599139357	15105	-25.1276749637397
ATACAA	-21.4195040076728	14597	-25.7603994538689
ATACAC	-12.6571277159513	11322	-13.4062747826541
ATACAG	-9.9486076986077	14652	-11.9873211292607
ATACAT	-24.5419439403106	14877	-29.7973759425509
ATACCA	-6.92806442806443	10989	-7.22940214386161
ATACCC	-4.77522935779816	8393	-4.35476001424419
ATACCG	10.1421309475397	2459	5.00633442157855
ATACCT	-12.3302085326191	10454	-12.5494024940729
ATACGA	-10.1910211267606	2272	-4.83540933420857
ATACGC	9.33510864933959	2347	4.50181144402089
ATACGG	-0.161107168204398	2818	-0.0851327647282817
ATACGT	-7.21474669248144	3099	-3.99800428221023
ATACTA	-23.4773557341125	8214	-21.1805829456908
ATACTC	-9.86208683634688	8683	-9.14776715798786
ATACTG	-5.39434713375796	12560	-6.01790169740464
ATAGAA	-22.0281443126774	17961	-29.3869523325399
ATAGAC	-11.7680374292046	8122	-10.5571553592325
ATAGAG	-9.70067572876561	12727	-10.8937245159721
ATAGAT	-23.0407869035439	10751	-23.7811645147475
ATAGCA	-4.58328244274809	13100	-5.22184105215235
ATAGCC	0.238486486486489	9250	0.228321085648966
ATAGCG	17.3531468531469	3003	9.46601715614399
ATAGCT	-4.38572879634332	11814	-4.74516845588084
ATAGGA	-11.1875238458604	13105	-12.7486402399556
ATAGGC	3.34032647430739	8699	3.10123702396218
ATAGGG	-3.85828452298223	10073	-3.85465085561999
ATAGGT	-10.7597064393939	8448	-9.84438872105946
ATAGTA	-23.9498452367305	8723	-22.2662472192952
ATAGTC	-11.2715866162979	7412	-9.65971108358075
ATAGTG	-4.05415850767803	9703	-3.97525616072466
ATATAA	-34.9705330990041	17070	-45.4810405741711
ATATAC	-29.8872132540357	9416	-28.8688860574186
ATATAG	-27.9620021528525	9290	-26.8279507798856
ATATAT	-36.5509838025872	9199	-34.8964106884096
ATATCA	-23.0713237093222	12261	-25.4300279804405
ATATCC	-12.3591857000993	10070	-12.3457071809751
ATATCG	-3.29263157894737	1900	-1.42866800444809
ATATCT	-24.1492300724638	13248	-27.6687683849691
ATATGA	-22.1495088707835	13133	-25.2672194391756
ATATGC	-12.1341296260035	10214	-12.2072527286972
ATATGG	-13.8874335958967	10918	-14.4445800286058
ATATGT	-24.5207366984993	14660	-29.5537012039271
ATATTA	-32.4939326399207	16152	-41.1080435439974
ATATTC	-23.681216844587	15269	-29.1286724000194
ATATTG	-20.7978255750059	12739	-23.3666783004989
ATCAAA	-18.2339217508	19374	-25.2639418767787
ATCAAC	-4.19138198757764	10304	-4.23517681794996
ATCAAG	-7.76898171208994	14053	-9.16769172846636
ATCACA	1.06466387206956	19323	1.47319817824661
ATCACC	7.37594086021505	14880	8.95633378677476
ATCACG	17.3863190905527	5102	12.3620145998559
ATCACT	-1.2038674684589	16962	-1.56073290741143
ATCAGA	-5.23765198526815	19821	-7.34024909693493
ATCAGC	11.9326999208234	17682	15.7948603873095
ATCAGG	5.52764797507789	17976	7.3773142982265
ATCAGT	-4.41507242415961	14636	-5.31692349796677
ATCATA	-20.5006346328196	11030	-21.4321845809949
ATCATC	-2.75885208452313	14008	-3.25033303666487
ATCATG	-2.37161662475965	13522	-2.7452147957155
ATCCAA	-7.08964435844398	14987	-8.63959098692069
ATCCAC	7.71941760336555	15213	9.47770850876382
ATCCAG	4.41814169358876	21977	6.51981425444991
ATCCCA	1.09010266570605	22208	1.61708744439558
ATCCCC	1.66069426161572	20511	2.36752449701875
ATCCCG	11.7124945006599	9092	11.1170738992943
ATCCCT	2.48380624820866	20934	3.57729869613112
ATCCGA	5.77891999009166	4037	3.65500045557399
ATCCGC	19.0029594779177	6589	15.3547367517776
ATCCGG	14.935766836446	7068	12.4993426773515
ATCCGT	10.4735693501455	4124	6.69522875514446
ATCCTA	-9.45972924342387	11671	-10.1728846435719
ATCCTC	3.18374962682854	20098	4.4928995306171
ATCCTG	9.70405718393099	25042	15.2861892396847
ATCGAA	-1.63468958260259	2851	-0.868850954847797
ATCGAC	6.23875899280576	2224	2.92871410900094
ATCGAG	3.89266055045872	3815	2.39334432489967
ATCGAT	-6.03200692041522	1156	-2.04151289404628
ATCGCA	14.8903850994211	3973	9.34279008882236
ATCGCC	27.1583727675164	6551	21.8810885570025
ATCGCG	21.0787697897742	3853	13.0243525777856
ATCGCT	15.8726771492751	4897	11.0567276935216
ATCGGA	10.8585008147746	3682	6.55878114398394
ATCGGC	15.9530779164873	4646	10.8241915253468
ATCGGG	8.3375355450237	5275	6.0278204769658
ATCGGT	6.23953649256313	2891	3.3395484916574
ATCGTA	-4.32433712121212	2112	-1.97823499283672
ATCGTC	10.4553775743707	3496	6.15370697242058
ATCGTG	12.5306775546237	4531	8.39620366870544
ATCTAA	-19.2545035947976	12379	-21.3248746489317
ATCTAC	-6.01512560128274	9355	-5.79132550262429
ATCTAG	5.81807314265474	11293	6.1545346326616
ATCTCA	-5.08577107328508	19622	-7.0915280012996
ATCTCC	1.19521281549781	21474	1.74346444306324
ATCTCG	10.0691835952472	5218	7.24031858184812
ATCTCT	-8.33161601669492	23001	-12.5780693311108
ATCTGA	-4.75471843661609	19445	-6.59994257665298
ATCTGC	12.9396748917117	20547	18.463284186676
ATCTGG	6.66501605995718	22416	9.93325622899751
ATCTGT	-4.52509643083834	20481	-6.44636357997414
ATCTTA	-19.8563052086506	13132	-22.6503676566474
ATCTTC	-5.98895587547424	19241	-8.26944403241702
ATCTTG	-0.278496267121272	17011	-0.361572739522514
ATGAAA	-17.7984880249031	31482	-31.4358817958964
ATGAAC	-5.91525917297612	13736	-6.90105196794189
ATGAAG	-6.60159937073937	22884	-9.94091850559773
ATGACA	1.99518969855445	20269	2.8275593810823
ATGACC	6.64140340218712	13168	7.5863198341572
ATGACG	26.358967341726	5481	19.4253866595558
ATGACT	10.4099450274863	20010	14.6582916865
ATGAGA	-7.3097536311822	21756	-10.7325678777333
ATGAGC	8.10515553352336	16138	10.2493798278224
ATGAGG	3.86028884104772	22296	5.73779011987922
ATGAGT	7.87590456806875	17688	10.426803499639
ATGATA	-22.0765133581332	11828	-23.8999791138776
ATGATC	-8.05087858631986	10073	-8.04329640450248
ATGATG	0.730561189993241	17748	0.968819086854274
ATGCAA	-2.01046321525885	18350	-2.71097520047439
ATGCAC	8.59492455418382	14580	10.3307585152541
ATGCAG	11.3675148778986	24365	17.6628230549178
ATGCAT	-6.18292682926829	8241	-5.58721576489401
ATGCCA	10.9720296324437	21058	15.8491841550769
ATGCCC	10.9591950661917	18809	14.9614225746241
ATGCCG	17.9912508101102	6172	14.069727809443
ATGCCT	5.41113452757288	19929	7.60400622676999
ATGCGA	11.74843838728	3522	6.94042712625772
ATGCGC	37.498194193638	7199	31.6707114677069
ATGCGG	16.8616337769619	6537	13.5706382596892
ATGCGT	17.1869200176757	4526	11.5097717119314
ATGCTA	-7.28946457918864	11561	-7.80197778983261
ATGCTC	8.04752922258642	16169	10.1862779387224
ATGCTG	16.3167025696261	25996	26.187680894341
ATGGAA	-5.78310268910205	25436	-9.18114172116002
ATGGAC	4.41900656489757	12643	4.94607952455807
ATGGAG	4.5276787098775	25796	7.23874310662146
ATGGAT	-8.90863330194828	13807	-10.4201056982899
ATGGCA	21.668935183159	22849	32.6048756651974
ATGGCC	17.1672590636742	19694	23.9816636077057
ATGGCG	34.3825612825054	10729	35.4510601778739
ATGGCT	9.77038851110371	21029	14.1036825117346
ATGGGA	1.76490009798492	23473	2.69163276121605
ATGGGC	11.7389884441467	17913	15.6396207362779
ATGGGG	1.79049692822148	25718	2.85827200275452
ATGGGT	-0.811440677966099	14160	-0.961169057026979
ATGGTA	-6.4455205811138	10738	-6.6486133664693
ATGGTC	3.56492916818017	11012	3.72387749668408
ATGGTG	12.8103202846975	19670	17.8843659236901
ATGTAA	-17.2904822555433	17273	-22.620508950071
ATGTAC	-11.1833100182933	9293	-10.7314822608842
ATGTAG	-7.29876292153872	11802	-7.89293345591932
ATGTCA	2.40013113034356	19065	3.29886659946185
ATGTCC	4.49401350146478	15702	5.60561463632112
ATGTCG	13.51958118031	3677	8.16058761575061
ATGTCT	-7.39433610867659	18256	-9.94519676669775
ATGTGA	-0.705095789166583	20566	-1.00654782767635
ATGTGC	9.45492417430918	16683	12.1564426132649
ATGTGG	9.41534810126583	22752	14.1370095002333
ATGTGT	-3.89791204730229	21648	-5.7088982701155
ATGTTA	-18.6472671388481	14966	-22.7080290974555
ATGTTC	-3.46692765424366	15965	-4.36054346364206
ATGTTG	-0.566839634297008	16188	-0.717906996924799
ATTAAA	-28.8039299141661	28194	-48.1439226125771
ATTAAC	-16.8938732689887	11915	-18.3564051414146
ATTAAG	-20.1189848842047	14422	-24.0508366706069
ATTAAT	-27.2385551168499	9371	-26.2475284115928
ATTACA	-12.4996917005796	16218	-15.8456233510651
ATTACC	-8.46950523804586	9641	-8.27809605539942
ATTACG	0.269940915805024	2708	0.139831309903177
ATTACT	-16.087003259588	14419	-19.2288848981472
ATTAGA	-18.0949883860069	14207	-21.4694479778852
ATTAGC	-5.98970184386034	10196	-6.02048525434782
ATTAGG	-9.78165240687928	11571	-10.4739151633944
ATTAGT	-16.565490013934	10765	-17.1089234506121
ATTATA	-35.3307042439443	15151	-43.2896747128387
ATTATC	-20.8051936921495	11668	-22.3707916298647
ATTATG	-19.476366763892	13371	-22.4182272760275
ATTCAA	-17.5398826979472	18755	-23.9109371502685
ATTCAC	-3.3412245909767	16136	-4.22488596001602
ATTCAG	-5.11152737752161	22555	-7.64158566413815
ATTCAT	-14.5235332494525	21459	-21.1781686417997
ATTCCA	-2.97268358485794	23722	-4.55759484080781
ATTCCC	2.09442279138827	21552	3.06069126063259
ATTCCG	11.0891080151981	5527	8.20640082112302
ATTCCT	-3.14528258887876	26328	-5.08019034271342
ATTCGA	-7.65191880748493	3153	-4.27704399576793
ATTCGC	10.2585365853658	3690	6.20311701579909
ATTCGG	5.33607998242145	4551	3.58333265584219
ATTCGT	-3.27665514490827	3761	-2.00029376752239
ATTCTA	-19.9862227677202	16295	-25.3962319684528
ATTCTC	-7.0689520752121	21805	-10.390691765763
ATTCTG	-5.5096183800623	25680	-8.78881671336665
ATTGAA	-17.2538508745014	16295	-21.924242727127
ATTGAC	-3.95167464114832	9405	-3.81480162554892
ATTGAG	-6.01694729936584	13719	-7.01534146557578
ATTGAT	-19.6482525848073	11703	-21.1584531461943
ATTGCA	5.20570252058897	16028	6.56040109941868
ATTGCC	11.1688359710102	13522	12.9282504762522
ATTGCG	25.3238805970149	3350	14.5902938842571
ATTGCT	1.09688157969613	17573	1.44741835894458
ATTGGA	-4.78078642912911	14089	-5.64872986956201
ATTGGC	21.6498588657942	15588	26.9067750065208
ATTGGG	-0.598710538016893	13494	-0.692306858860328
ATTGGT	4.9473272382835	12141	5.42636803932504
ATTGTA	-17.5169196317492	12057	-19.1464713822078
ATTGTC	-5.02229038854805	12225	-5.52761304346386
ATTGTG	-3.07143739957978	16182	-3.88927942102075
ATTTAA	-28.7536866041896	29024	-48.7622286607392
ATTTAC	-17.5594724516209	16226	-22.2653014247341
ATTTAG	-18.6181229773463	17304	-24.3792604402213
ATTTCA	-14.2679732313576	31380	-25.1593915830613
ATTTCC	-1.35019878245745	32196	-2.41162651681803
ATTTCG	-1.13483899821109	4472	-0.755434001557779
ATTTCT	-17.2608672519287	37590	-33.3127246006732
ATTTGA	-17.6072556628463	22162	-26.0920093042934
ATTTGC	-5.63900341018985	19647	-7.86795484655463
ATTTGG	-10.0035866742948	22723	-15.0106656899158
ATTTGT	-16.0782436447673	24232	-24.9140662395052
ATTTTA	-29.2741604578339	37044	-56.086038504973
ATTTTC	-19.9963704912498	35542	-37.5261046254438
ATTTTG	-19.2098548611571	30178	-33.2185514018446
CAAAAG	-8.16199699807018	27982	-13.5908677328015
CAAACG	6.85019673974143	7116	5.75217901702129
CAAAGG	2.66976260729614	29824	4.58951686882758
CAAATG	-6.38815891774219	25724	-10.1989706275797
CAACAG	14.8633133090786	23638	22.7474320169742
CAACCG	21.7174182550752	6453	17.3660244093561
CAACGG	18.9739449854776	5853	14.4496816223846
CAACTG	10.5257339027951	18497	14.2499852213514
CAAGAG	6.47081623347014	26316	10.4491360611566
CAAGCG	20.2284498705142	8109	18.1324977750813
CAAGGG	10.7966577935522	27048	17.6753610722505
CAAGTG	10.0230331008742	20362	14.2370745857092
CAATAG	1.24059152992041	10177	1.24580502432825
CAATCG	25.6082818930041	3888	15.8947956577267
CAATGG	12.5994859389175	16535	16.1274723095861
CAATTG	-0.566041422430635	5118	-0.403097155489748
CACAAG	19.3462615134549	22148	28.6599673007215
CACACG	21.8318872017353	12447	24.2457153788479
CACAGG	16.5173359278259	39571	32.7069384242949
CACCAG	32.7212800652262	36795	62.4792874218891
CACCCG	14.2593148507858	16989	18.5009464347874
CACCGG	17.4528315620905	13738	20.3628720513469
CACGAG	20.4574903387133	8798	19.1009827619053
CACGCG	25.7146731091608	10141	25.7770241412568
CACGGG	14.0508701932999	14537	16.8636661517853
CACGTG	30.5265661682936	8093	27.3365751953901
CACTAG	45.0692161391115	14722	54.43456923417
CACTCG	15.1869307832423	8784	14.1686201132014
CACTGG	17.6118883236434	33024	31.8589999942521
CAGAAG	6.89961883745424	39878	13.715232142632
CAGACG	17.5992471538744	10892	18.2834978794004
CAGAGG	19.3961481670525	54857	45.2212849765666
CAGCAG	31.6998481925425	63238	79.3519538412524
CAGCCG	19.6444179034342	25537	31.2489537886351
CAGCGG	20.6597417181359	24934	32.4737351586618
CAGCTG	24.3659568365957	27894	40.5088811225468
CAGGAG	14.9139115500215	53567	34.3598773125649
CAGGCG	24.0662496387134	24219	37.2818882195331
CAGGGG	19.6201299390645	47099	42.3856747804591
CAGGTG	16.5815074730808	37334	31.892432985461
CAGTAG	18.4818664035034	16213	23.4255014934942
CAGTCG	18.5473262032086	7480	15.9677413158679
CAGTGG	18.528500300455	34947	34.4791537430349
CATAAG	-10.3578149995295	10627	-10.6288155189411
CATACG	6.92487823154739	2669	3.56121182723185
CATAGG	0.778608861362556	10495	0.794002633115025
CATATG	-10.7054168132255	5686	-8.03560143929905
CATCAG	10.0755219708221	22894	15.1753869131397
CATCCG	20.2904096956923	7591	17.5975290581111
CATCGG	14.7968185104845	5532	10.9552126453871
CATCTG	14.8275305157934	29411	25.312503532114
CATGAG	10.5246977637109	19273	14.5443954080574
CATGCG	36.4752109020117	7705	31.8709869353931
CATGGG	9.65710346054621	22482	14.413708509839
CATGTG	13.3381742738589	22654	19.983898475697
CATTAG	-1.57687259004019	12189	-1.7329738991581
CATTCG	7.18927378964941	4792	4.95398636537932
CATTGG	14.7647887323944	15620	18.3687300157015
CCAAGG	10.9376654668769	33617	19.9625258861614
CCACGG	14.777696494411	17087	19.2287490471778
CCAGGG	14.6342440410314	60539	35.8425825032671
CCATGG	14.3200801997427	13217	16.3878988350794
CCCGGG	2.00321927888153	21744	2.94042150239117
CCGCGG	13.5584673604541	15855	16.9943712827393
CCGGGG	2.05389666881823	35633	3.85936775086689
CCTAGG	7.16939546599497	9528	6.96618157383164
CCTCGG	9.19881905686322	24726	14.3986040057039
CCTGGG	8.2564429299582	69844	21.720454781095
CGAACG	17.1920895052001	3173	9.63995659915505
CGAAGG	12.1912507010656	10698	12.5519424121099
CGACCG	16.6781085814361	5710	12.5451607367128
CGACGG	17.4770151133501	6352	13.8654473344829
CGAGCG	18.0184624442762	11889	19.5569790939923
CGAGGG	12.7491861497484	20274	18.0702250932736
CGATCG	13.0035175879397	995	4.08304126263668
CGATGG	15.79267222466	6837	12.9986961110242
CGCAGG	21.9851351351351	25160	34.7132948283196
CGCCGG	14.9484917938853	24433	23.2593275095973
CGCGCG	23.608811123262	12802	26.5903716975328
CGCGGG	12.8450047638492	29388	21.9195010592068
CGCTGG	20.0905405973033	23807	30.8571163435372
CGGAGG	15.9513780551222	26922	26.0533304047855
CGGCCG	13.5141578638498	13632	15.7065266509169
CGGCGG	13.8631903686983	33225	25.1540002487788
CGGGCG	14.1061798181957	26182	22.7207259833118
CGGGGG	3.50338803599789	28335	5.87031262187822
CGGTGG	17.5241052275037	17714	23.2169706083782
CGTACG	19.9760765550239	836	5.74942895085153
CGTAGG	14.5935808197989	5172	10.4472624461903
CGTCCG	18.6375392796713	8274	16.8755411818515
CGTCGG	17.226264418811	6762	14.1006804768038
CGTGCG	28.5115161119916	9465	27.6116271263041
CGTGGG	13.874697118111	19397	19.2354421397012
CGTTGG	16.9011423550088	6828	13.9019011156192
CTAAAG	-8.38472829668683	16691	-10.783048329116
CTAACG	10.7936774193548	3875	6.68831420159204
CTAAGG	1.16444662095984	15315	1.43446337626741
CTACAG	9.86378294228845	17986	13.1680716341448
CTACCG	20.3836772983115	5330	14.8134944400794
CTACGG	14.3291634089132	5116	10.2022857284279
CTAGAG	18.9709000050477	19811	26.5798492184872
CTAGCG	32.5082394484614	5947	24.9547830358576
CTAGGG	16.9504922131361	19199	23.3793803976831
CTATAG	-9.52293458431064	3837	-5.87189227848946
CTATCG	9.41435079726651	2195	4.39055091999913
CTATGG	2.22053299946343	11182	2.33737478499296
CTCACG	19.7853922029122	10645	20.3202419914968
CTCAGG	9.13382106924907	42441	18.7308153584289
CTCCCG	14.512361764332	31468	25.6261902340988
CTCCGG	11.2687558771822	24459	17.5431145097501
CTCGAG	9.97203482045702	4595	6.72880469889999
CTCGCG	23.4225181598063	13629	27.2193004350503
CTCGGG	5.39292760994431	22807	8.10718439659051
CTCTCG	13.3082191780822	12921	15.058419344363
CTCTGG	13.5807556954992	48591	29.799792105437
CTGACG	25.2589332771161	9487	24.4901155969013
CTGAGG	8.14595805064077	45102	17.2207256806854
CTGCAG	24.9119601328903	31906	44.2950768722169
CTGCCG	23.3335789783973	23747	35.7929185844967
CTGCGG	16.7131803347721	28497	28.0847168387043
CTGGAG	14.2101985066472	54910	33.1464670658885
CTGGCG	26.5249030786773	21925	39.096239436521
CTGGGG	5.39092499726609	64011	13.5769423736024
CTGTCG	20.9169953388311	8367	19.0456396554896
CTGTGG	17.0145297620375	44839	35.8640465112087
CTTAAG	-9.61103381104773	7187	-8.11064338788237
CTTACG	7.53056167400881	3632	4.51764050559513
CTTAGG	-1.17074663402693	15523	-1.45198498603528
CTTCAG	5.04110006707726	32798	9.08783384685177
CTTCCG	28.449747332959	17810	37.7939037325823
CTTCGG	6.75465094860932	10858	7.00630774259864
CTTGAG	7.09964857116434	21626	10.3928899913957
CTTGCG	23.8809050223769	8044	21.3205395698467
CTTGGG	4.58462440590087	32402	8.21487671105429
CTTTCG	8.06451612903226	7316	6.86635956958944
CTTTGG	0.53003797125034	29496	0.906149644492135
GAAAAC	-7.904801768015	29864	-13.5980411459041
GAAAAG	-10.0009883927214	39458	-19.7752433501788
GAAACC	3.26572340991751	22546	4.88118794292206
GAAACG	9.26827656329435	9835	9.14950388246862
GAAAGC	3.28535927293383	28168	5.48873488571313
GAAAGG	1.84495011976521	37991	3.57961542395062
GAAATC	-7.19929654215793	20186	-10.1818472233878
GAAATG	-1.76113575865129	33810	-3.22349350639398
GAACAC	6.97094622271637	17089	9.07113094859324
GAACAG	7.93781134826455	24691	12.4159939407418
GAACCC	0.746783310901751	18575	1.01314217399234
GAACCG	13.6886769078295	8072	12.2423115839377
GAACGC	21.4211074359917	8163	19.2654073719199
GAACGG	15.1181087041121	7709	13.2131956481592
GAACTC	2.19253951657543	16259	2.78295205349447
GAACTG	9.96127960842584	22882	14.9993866510449
GAAGAC	-0.719989647545995	21251	-1.04478593304351
GAAGAG	2.73395949592601	38169	5.31690433337963
GAAGCC	8.56399345831189	33019	15.4906508063292
GAAGCG	17.4088671682723	14221	20.6655495543157
GAAGGC	11.5411019773384	31507	20.3921108861066
GAAGGG	6.59494695633262	41381	13.3543629859365
GAAGTC	4.651872542934	19332	6.43839443402122
GAAGTG	13.1348382379821	27355	21.624917895873
GAATAC	-11.8755988502076	9393	-11.4569510941314
GAATAG	-9.84848754448398	11240	-10.3935539496886
GAATCC	-0.50138556493261	15878	-0.628899289656752
GAATCG	9.12970340858787	4518	6.10859259629209
GAATGC	8.56376775634266	16121	10.8236128373435
GAATGG	2.83980773970915	20285	4.02613027669698
GAATTC	-7.47915005127037	8777	-6.9748789480346
GAATTG	-3.39956928966978	14627	-4.09272823030915
GACAAC	7.3413804685532	11909	7.97492777880655
GACAAG	3.73296380828171	18402	5.04077916618746
GACACC	16.1236717677564	19669	22.5095321147746
GACACG	19.5210065153898	8902	18.3340064776208
GACAGC	20.5890413432028	27695	34.1073666233821
GACAGG	11.350398160797	30013	19.5738916333974
GACATG	5.69820282413351	15580	7.07999595193681
GACCAC	16.3130076617317	17359	21.3947773286179
GACCAG	13.3694857739494	22986	20.1770552737566
GACCCC	-5.79316627007734	26896	-9.4573882982804
GACCCG	7.62396244386991	14698	9.20070802160162
GACCGC	19.2117060461773	11131	20.1764336433324
GACCGG	12.8587029089175	10485	13.1066818894279
GACCTG	9.80736332459148	24785	15.3694421712773
GACGAC	13.1644003777148	5295	9.53554332261519
GACGAG	13.2116519174041	8136	11.8624384490445
GACGCC	19.7768987341772	14536	23.7351524764466
GACGCG	21.2251386321626	10820	21.9773611532594
GACGGC	19.1286370597243	11754	20.6437337582953
GACGGG	12.3234149262669	13359	14.1784718510078
GACGTC	28.8029945767508	4241	18.6716697775565
GACGTG	23.8263112639725	9304	22.8772090629571
GACTAC	7.76139272913467	7812	6.82860758029202
GACTAG	1.93191466202242	9187	1.84325820503653
GACTCC	9.81577100241282	22795	14.752159363073
GACTCG	14.2363699906803	8584	13.1297210700622
GACTGC	20.0926196743687	20514	28.6466022728311
GACTGG	11.4091247210513	24198	17.6666189959415
GACTTG	6.50755840586349	17464	8.56054303870243
GAGAAC	4.96516896356428	21188	7.19433063682914
GAGAAG	0.635660490137479	41825	1.29406047424484
GAGACC	1.24134662022135	22679	1.8608715478869
GAGACG	11.4036618754278	11688	12.2722957363541
GAGAGC	12.6477872645506	30686	22.054441869781
GAGAGG	7.42106187377337	48405	16.2525886610937
GAGATG	4.3178673256035	26305	6.97107613368669
GAGCAC	17.3203775020206	21033	25.0045672875091
GAGCAG	16.1677585614477	43655	33.6262308723092
GAGCCC	7.07401093115379	39886	14.0633034592995
GAGCCG	13.2975696626859	23865	20.4486373341303
GAGCGC	22.588724499173	21764	33.1720603115918
GAGCGG	16.775098359931	22621	25.1149521037368
GAGCTC	12.915043748236	14172	15.3046299242816
GAGCTG	17.0005581456432	45687	36.1718632019183
GAGGAC	10.7644337527757	27020	17.6134828457955
GAGGAG	11.585880740233	58360	27.8610881567971
GAGGCC	10.9255890584093	44308	22.8927156565193
GAGGCG	21.7406721354856	30232	37.6285761543862
GAGGGC	28.0159185460915	45670	59.5980089325644
GAGGGG	6.53403770952285	54469	15.1798582700249
GAGGTC	9.46346485347635	20884	13.6134560899836
GAGGTG	12.7512900481996	35270	23.8379131681231
GAGTAC	1.90338227582591	7628	1.65478944512012
GAGTAG	1.28978931586838	12673	1.44533949941933
GAGTCC	6.8285965624577	22167	10.1203677686821
GAGTCG	10.7275862068965	8120	9.62257726358447
GAGTGC	18.3672906568611	17949	24.4949527744078
GAGTGG	9.55534310601233	28242	15.984733108687
GAGTTG	4.80882104908079	17787	6.38412449619346
GATAAC	-10.8340563991323	7837	-9.54723020582125
GATAAG	-11.1577836164024	10657	-11.4658642811146
GATACC	-2.89644970414201	7098	-2.42909985520669
GATACG	2.78560063643596	2514	1.39031391281087
GATAGC	0.757814700084485	7102	0.63571833683684
GATAGG	-1.16603033195461	9429	-1.12707818728654
GATATC	-13.8882071236157	3341	-7.99090194757289
GATATG	-11.5812705366922	9130	-11.0154685437898
GATCAC	5.30495116526448	10341	5.36999694338683
GATCAG	3.47009074410164	13775	4.05413321158153
GATCCC	1.66639610389611	16016	2.09926203029243
GATCCG	12.3122952098611	6409	9.81172878175583
GATCGC	17.8020614219605	4754	12.2183134649613
GATCGG	7.07008918362681	4373	4.65399604479596
GATCTC	1.25193567599762	13432	1.44432103455215
GATCTG	4.20531121770792	17303	5.50643129283656
GATGAC	15.3984090473452	15651	19.1760113004513
GATGAG	7.39450683708473	21281	10.7378321210293
GATGCC	12.8468865665143	18372	17.3335487770777
GATGCG	17.1665159053219	6633	13.9170932747374
GATGGC	32.1145350422689	22002	47.4180945053122
GATGGG	4.84564913209546	26443	7.84365902037554
GATGTC	11.5232787115831	14219	13.6779802530334
GATGTG	9.28003502626971	19985	13.0590946862873
GATTAC	-6.78858695652173	7360	-5.79735201604184
GATTAG	-7.58458813108945	9032	-7.17522205006313
GATTCC	1.56697198596324	16813	2.02253114416358
GATTCG	5.28988229401452	3993	3.32741555686719
GATTGC	10.8558120696638	9876	10.7390097366628
GATTGG	16.936970267725	14866	20.5562631406172
GATTTG	-5.79676852055396	18196	-7.78368588486967
GCAAAG	7.04968104659964	27747	11.6893096841544
GCAACG	25.3520385470719	6745	20.7259880108516
GCAAGC	19.947963800905	18343	26.8933642167979
GCAAGG	14.7804527069073	25712	23.5921241495039
GCAATG	15.0264791818846	16428	19.1717148182665
GCACAG	19.0731017770598	34664	35.3485857826791
GCACCG	24.0013528138528	14784	29.049795336661
GCACGC	29.5158032685785	12972	33.4633531009672
GCACGG	18.8905676583119	12807	21.2804149672847
GCACTG	25.0931944444444	28800	42.3900154519521
GCAGAG	20.1468510547953	51811	45.6488185714041
GCAGCG	25.6320842421425	27967	42.6695676157413
GCAGGC	24.9401966506532	44546	52.3981083951423
GCAGGG	20.2910131770604	59042	49.07899287332
GCAGTG	27.9832102469421	34664	51.8618795962437
GCATAG	5.14094728800612	9163	4.89861573608825
GCATCG	19.290437255599	5626	14.4030117465669
GCATGC	28.0845972957084	8505	25.7820080085985
GCATGG	14.4311279271909	19558	20.0897196639324
GCATTG	12.6716807909605	14160	15.0098803369372
GCCAAG	16.5553251271073	29896	28.4941453745548
GCCACG	27.1694310066805	17364	35.6382861840258
GCCAGG	18.3386302910983	56888	43.5400182823357
GCCATG	18.9348134546365	23962	29.1765503123247
GCCCAG	14.1911189025428	58754	34.2410234759391
GCCCCG	13.0033477747145	43163	26.891954521195
GCCCGG	7.34764831640835	37420	14.1485401635024
GCCCTG	15.9020951723888	55079	37.1499942411144
GCCGAG	13.982905027933	22375	20.820459451948
GCCGCG	17.7894778962195	31239	31.2984725114706
GCCGGC	16.5656278287857	15466	20.5072904301225
GCCGGG	9.27496026226902	40264	18.5260100523702
GCCGTG	20.206817426006	15035	24.6638580850349
GCCTAG	10.8461361090981	15179	13.3017263694294
GCCTCG	14.978506090336	21099	21.6576242926318
GCCTGG	16.0113432485454	59639	38.9228222935344
GCCTTG	16.4893042311736	27581	27.2595520013133
GCGAAG	15.4588150979455	10465	15.7419017698947
GCGACG	23.0672305222867	8099	20.6643873650862
GCGAGG	19.3519535749092	22574	28.9427939589714
GCGATG	25.8122189896853	7562	22.3436981964003
GCGCAG	29.1412923801207	26339	47.078197717376
GCGCCG	19.8795026481007	28511	33.4135884372883
GCGCGC	26.6526942432797	16294	33.8661909073234
GCGCGG	19.4605529437405	32119	34.7174295381392
GCGCTG	29.6285833970787	27453	48.8671680567983
GCGGAG	20.6331179534516	30334	35.7718236611387
GCGGCG	18.2226054240476	38274	35.4873669111509
GCGGGC	15.8773494980787	33571	28.9581973055172
GCGGGG	15.6172862563155	50867	35.0618649213119
GCGGTG	25.2808009782941	19626	35.2547878845739
GCGTAG	21.7737133134836	4702	14.8622715437912
GCGTCG	21.3132562516806	7438	18.2973953794538
GCGTGG	23.5781481481482	18900	32.2665084700542
GCGTTG	25.3697101449275	6900	20.9773889052328
GCTAAG	5.62065651338164	13526	6.50703460486982
GCTACG	21.6577754891864	4855	15.0217262593951
GCTAGC	14.5156950672646	4906	10.1207567627853
GCTAGG	15.171719160105	15240	18.6439812530513
GCTATG	7.39742141916056	10626	7.59060942429104
GCTCAG	16.5635708899925	38461	32.3352062756008
GCTCCG	16.4651871864145	25910	26.3822455379229
GCTCGC	21.02132407637	16132	26.5775872983142
GCTCGG	11.647054315058	19571	16.219370268
GCTCTG	15.4248944209825	44990	32.568036474083
GCTGAG	18.5535771945201	43358	38.4568452898252
GCTGCG	23.0791544459546	27958	38.4135392395356
GCTGGC	26.9401001935557	43915	56.1975042981638
GCTGGG	14.515990361159	67228	37.4656391522503
GCTGTG	22.358245212918	41988	45.6049189564617
GCTTAG	6.09257818577875	12854	6.8759330289018
GCTTCG	11.7721217887726	9459	11.3969525008404
GCTTGG	11.7290232276613	26434	18.9825550601911
GCTTTG	5.89525048796357	27666	9.76083178357264
GGAAAG	3.00106726009356	44038	6.26903798942424
GGAACC	9.05991976489248	21437	13.2043715021783
GGAACG	18.2573610140733	10019	18.1912092961801
GGAAGC	14.7761119189691	39886	29.3752650211329
GGAAGG	10.124218213369	55322	23.7040094951818
GGAATG	8.47629449838188	24720	13.2660506042663
GGACAG	13.2389801210026	35867	24.9582100543854
GGACCC	-2.05787223604443	28537	-3.46046088491851
GGACCG	12.9621896162528	12404	14.3704586066622
GGACGC	17.5297313084112	17120	22.8317141570055
GGACGG	14.5208535716599	15441	17.9614435032372
GGACTG	12.713320754717	26500	20.6012380438747
GGAGAG	7.34441939120632	52333	16.724635575357
GGAGCC	13.6029483135161	49452	30.1117750426835
GGAGCG	18.6917405286689	25498	29.7107887314966
GGAGGC	17.9186992592066	56291	42.3191895045388
GGAGGG	11.7911277986372	71910	31.4746833767193
GGAGTG	13.5534224296422	28284	22.6898052288892
GGATAG	-0.195358034970858	9608	-0.19061591339858
GGATCC	4.64847902295602	8843	4.35133046196828
GGATCG	9.09152215799615	5190	6.5197607566174
GGATGC	13.7577988263152	19426	19.0876307927111
GGATGG	8.22301783855569	27861	13.6628393421066
GGATTG	9.81044685532205	13181	11.2117743519614
GGCAAG	13.9997220236677	25182	22.1144377121732
GGCACG	22.1097623089983	11780	23.8873568804545
GGCAGC	29.440881763527	54890	68.6607918247014
GGCAGG	19.223953136567	62138	47.7015744322381
GGCATG	16.2937487147851	19452	22.6211418867666
GGCCAG	20.0835464367133	50445	44.9014997477088
GGCCCG	6.35717644687783	29771	10.918735764746
GGCCGC	15.8409848982272	38075	30.7690094385332
GGCCGG	11.4829569188783	35909	21.6604148432502
GGCCTG	15.2563824062818	50177	34.0185102551355
GGCGAG	18.3163018794995	20697	26.2302766819027
GGCGCC	27.4024511978704	18032	36.628804256523
GGCGCG	21.2911743176827	28689	35.8978716131171
GGCGGC	17.8686128201772	45834	38.0799261842804
GGCGGG	20.0582334317527	56222	47.3431560096366
GGCGTG	27.6994214735409	17631	36.6117552415737
GGCTAG	10.542659693687	13385	12.1414555712784
GGCTCG	12.8227405067212	16143	16.2175167821303
GGCTGC	22.0511423424709	56069	51.9761224588066
GGCTGG	16.1310711909514	63126	40.3439783816633
GGCTTG	13.2024645742824	24629	20.6248015871014
GGGAAG	8.26131739342751	55291	19.3369471019148
GGGACG	12.2225136672373	18109	16.3726562975961
GGGAGC	16.4730160060337	47732	35.8252570727773
GGGAGG	12.7633593953934	80449	36.0360103145263
GGGATG	8.3735640488404	27682	13.8682115465944
GGGCAG	21.7635279925078	62999	54.3760311055549
GGGCCC	1.94102284598265	22017	2.86695645964624
GGGCCG	8.62920037572342	33003	15.6048156522921
GGGCGC	26.70487389417	36398	50.7154952557867
GGGCGG	22.3981985908332	55068	52.320769404587
GGGCTG	12.5695177669072	61941	31.1400353687177
GGGGAG	9.05606466393468	61982	22.4431435255995
GGGGCC	5.51263610430311	49778	12.243044439566
GGGGCG	24.8068756841605	48417	54.3353398138523
GGGGGC	18.6385264319786	50734	41.7900129065792
GGGGGG	-6.2239469520006	26542	-10.0935533746438
GGGGTG	4.86228142236828	42605	9.99037420070246
GGGTAG	4.19820774715745	15567	5.2140809269884
GGGTCG	2.24739752765127	12296	2.48069405057615
GGGTGC	14.8366649327487	26914	24.2290726371376
GGGTGG	9.44176761578311	51346	21.2969786013289
GGGTTG	6.10951288826844	20057	8.61293067530364
GGTAAG	-1.10068551842331	12837	-1.24138473947416
GGTACC	5.12810443642539	4711	3.50368289087074
GGTACG	10.6267474370923	3219	6.00167157778064
GGTAGC	12.5652829519248	11274	13.2807520037996
GGTAGG	5.93462455303934	16780	7.65245186244688
GGTATG	-0.129503178714385	8494	-0.118808615750533
GGTCAG	13.2145107304588	25395	20.9621862598992
GGTCCC	2.83757600053451	29934	4.88698784191282
GGTCCG	9.33853886196374	11142	9.81232414727306
GGTCGC	14.7555021268726	10814	15.2742028767874
GGTCGG	7.72363945578232	11760	8.33752275846905
GGTCTG	8.36767271104621	24651	13.0777591560578
GGTGAG	11.0365824771267	33773	20.1897439990647
GGTGCC	21.2401934151907	27609	35.131377969803
GGTGCG	17.6084292884559	13548	20.4018519036962
GGTGGC	36.5993010846965	39919	72.7903818699726
GGTGGG	6.26257416014812	52926	14.3416393488887
GGTGTG	13.8184611373878	26851	22.5398640805375
GGTTAG	4.37563981042655	10550	4.47382687299015
GGTTCG	8.65356265356265	5698	6.5023081005402
GGTTGC	18.4986800055579	14394	22.0923984903018
GGTTGG	8.39411545102432	21429	12.2317126396289
GGTTTG	4.53142743301126	20078	6.39155651775079
GTAAAC	-3.80431860191564	11902	-4.13140939589939
GTAAAG	-8.4423902506578	14442	-10.0992813938498
GTAACC	5.49610136452241	8721	5.10915709119242
GTAACG	12.9146118721461	3285	7.36818335670257
GTAAGC	4.02052769248266	8793	3.75286527144126
GTAAGG	0.266871165644174	11899	0.289779903785681
GTAATG	-1.27866740290815	10866	-1.32679499097572
GTACAC	7.08480189976253	8001	6.30828383284033
GTACAG	3.10165600918184	12198	3.40996030995033
GTACCC	2.31210832587287	8936	2.17566054864152
GTACCG	16.3776110620771	3399	9.50468032380295
GTACGC	19.5071968333933	2779	10.2364770860313
GTACGG	11.1130126426149	3243	6.29965348886885
GTACTG	9.84172394575517	10766	10.1650553085035
GTAGAC	1.44649134227315	7681	1.26193242691189
GTAGAG	6.25269963057688	14076	7.38445714666741
GTAGCC	13.7438814201999	11604	14.7375278440429
GTAGCG	19.4385631378827	4997	13.6782398014605
GTAGGC	12.2504796623177	10424	12.4503532606005
GTAGGG	6.38778898965385	15658	7.95664689179551
GTAGTG	9.15266788395213	9858	9.04593556106419
GTATAC	-17.57316087308	2474	-8.70083857830485
GTATAG	-15.5268012530456	5746	-11.7159142363063
GTATCC	-3.61240875912409	7535	-3.12140336378858
GTATCG	10.2198525539758	1899	4.43321191235183
GTATGC	3.28423423423424	6660	2.6679802936204
GTATGG	-1.12490584986191	7966	-0.999419238840035
GTATTG	-4.69085343896291	8331	-4.26198395471834
GTCAAG	5.94513070956622	13924	6.9832050385034
GTCACC	21.1866913960011	22106	31.3566459697397
GTCACG	33.2983529935455	8986	31.4208072912505
GTCAGC	24.1032856708245	23009	36.3945621708529
GTCAGG	13.3862252069343	25612	21.3251086652918
GTCATG	14.9492464980416	15063	18.2636013987804
GTCCAG	12.529350343623	26337	20.2405860978918
GTCCCC	3.27306574645841	33036	5.92188319411022
GTCCCG	11.8027391208306	18108	15.809911173249
GTCCGC	18.3473852721451	12181	20.157052705178
GTCCGG	11.0827232796486	12294	12.23219717785
GTCCTG	12.6694135802469	32400	22.700760023887
GTCGAC	14.1008935219657	1343	5.14394147279762
GTCGAG	9.24305555555556	5184	6.62459662320166
GTCGCC	19.5027988146197	12148	21.3973855162773
GTCGCG	18.4795891318754	7545	15.9784008531576
GTCGGC	17.6415065568771	9837	17.4172018603105
GTCGGG	7.06699598641556	12956	8.00721875382719
GTCGTG	15.1689798750867	5764	11.4638300824103
GTCTAG	-0.788900308324765	9730	-0.774622174449657
GTCTCC	6.72615103779326	29582	11.515737609357
GTCTCG	12.4607336605528	7742	10.9139403531277
GTCTGC	15.8783980693047	21961	23.4230864065552
GTCTGG	9.31462170373983	26659	15.1390466740603
GTCTTG	3.30984637716221	16534	4.23650948107688
GTGAAG	4.57098967185253	22947	6.89262382523088
GTGACC	15.6543709587088	19641	21.8388013504854
GTGACG	37.3361266294227	9666	36.5396207398331
GTGAGC	16.6077941434333	22812	24.9692221678555
GTGAGG	10.2041000397468	32707	18.3698852011746
GTGATG	12.7818526715144	18978	17.5279210191528
GTGCAC	20.8806278899975	8218	18.8424773330148
GTGCAG	20.1008180781868	29826	34.5559326479456
GTGCCC	20.5907356298341	29349	35.11396693198
GTGCCG	22.085231316726	11240	23.3075426196085
GTGCGC	29.6309729617592	14461	35.4696133520314
GTGCGG	15.2825228170549	14682	18.4331281259972
GTGCTG	23.7943515850144	34700	44.1214717729582
GTGGAC	16.5220768601799	17122	21.52054490614
GTGGAG	16.5349697189584	35831	31.1561831013952
GTGGCC	27.7130252564244	36268	52.5360141400286
GTGGCG	36.987152624614	18136	49.5830264848985
GTGGGC	15.0359761401765	32188	26.8528263435485
GTGGGG	5.75106518536217	50226	12.8299205019342
GTGGTG	24.0677659500452	28746	40.6196212123485
GTGTAG	7.13712585647314	11092	7.48237835007372
GTGTCC	13.5527726152915	23137	20.5207417215109
GTGTCG	22.2233971690258	6005	17.1426647851382
GTGTGC	18.570816317372	22283	27.5949240863215
GTGTGG	16.2234619326259	30249	28.0873278830039
GTGTTG	11.8713636098642	17153	15.4768306375343
GTTAAC	-6.35848408518434	4367	-4.18269852932923
GTTAAG	-7.3431652111923	11222	-7.74336641693613
GTTACC	3.53740010655301	9385	3.41124335055858
GTTACG	16.4693272917393	2869	8.78117259776104
GTTAGC	8.63120057512581	8346	7.84913463064789
GTTAGG	2.84754410238672	11564	3.04814680493906
GTTATG	-4.1352928579077	9339	-3.97802802260981
GTTCAC	6.74078510161502	12941	7.63318484887157
GTTCAG	7.15144267859899	19443	9.92628360064359
GTTCCC	10.078862962072	24942	15.8448654942025
GTTCCG	19.3722332825858	8539	17.819461519015
GTTCGC	17.2906096175691	5282	12.508950761914
GTTCGG	9.74979156244789	5997	7.51577438601882
GTTCTG	5.65986836759568	24614	8.83911548443703
GTTGAC	9.02451847995835	9605	8.80408247477018
GTTGAG	6.77241883980841	15032	8.26539421281069
GTTGCC	20.0941294279634	15978	25.2837671904177
GTTGCG	22.3253000923361	5415	16.3533945494202
GTTGGC	18.0552164434756	16055	22.7729468784793
GTTGGG	4.4822073699422	22144	6.63943862784569
GTTGTG	9.17662044501774	15505	11.3744402461164
GTTTAG	-7.91694178275223	12419	-8.78237837331675
GTTTCC	5.33353281468183	30078	9.2076929419915
GTTTCG	7.79059304703477	4890	5.42295908227874
GTTTGC	6.82836149485387	18169	9.16206558406867
GTTTGG	2.54020077148302	21517	3.70911486241095
GTTTTG	-8.11446164812101	25253	-12.8359371045109
TAAAAA	-30.5752952539843	45554	-64.9598924727822
TAAAAC	-21.5696680759198	22234	-32.0157471779935
TAAAAG	-22.1832114049897	26655	-36.0516495336336
TAAACA	-14.5927984134198	24203	-22.5987575361045
TAAACC	-8.47192869242559	12397	-9.38970550350923
TAAACG	-5.62903225806451	4557	-3.78254959354664
TAAAGA	-20.3665114474195	23193	-30.8749660500676
TAAAGC	-9.558694191657	16373	-12.1751431894792
TAAAGG	-9.62860701681544	19268	-13.3043346273276
TAAATA	-29.1431650361708	26679	-47.3841253250874
TAAATC	-20.2948499541345	15262	-24.957607388272
TAAATG	-19.5593270365997	23716	-29.9837541445054
TAACAA	-16.8285362853629	16260	-21.3608235812713
TAACAC	-5.63951668984701	11504	-6.02112581110998
TAACAG	-4.67717984515801	15758	-5.84448161360067
TAACCA	-1.0595168374817	13660	-1.23266365637251
TAACCC	-1.92564526499495	10887	-2.00005425406958
TAACCG	9.17925677733779	3283	5.23545389327753
TAACGA	-3.60464727515881	2991	-1.96237661459754
TAACGC	14.1536180308422	3372	8.18130593241736
TAACGG	9.34566537824407	3622	5.59881128256708
TAACTA	-17.2201379030623	9862	-17.0227806592846
TAACTC	-7.55950894714939	12015	-8.24834565198204
TAACTG	-1.98212988042545	15137	-2.42752322172374
TAAGAA	-20.2995431428325	23202	-30.7794144973827
TAAGAC	-8.29167451497457	10618	-8.50501307006203
TAAGAG	-10.4447925992241	16755	-13.4580896142348
TAAGCA	-5.52251383792525	16079	-6.97072114140322
TAAGCC	-0.0801376597836748	12204	-0.0881250008888053
TAAGCG	8.47075569358178	3864	5.24145780913904
TAAGGA	-8.55421619197128	17836	-11.372091175108
TAAGGC	3.15045568190983	12399	3.4920309463494
TAAGGG	-2.99834121550081	14167	-3.55247786586474
TAAGTA	-22.0836802664446	12010	-24.090972587935
TAAGTC	-9.23798434248342	10091	-9.23752664266187
TAAGTG	-6.99724517906335	14520	-8.39308804266214
TAATAA	-31.736700077101	20752	-45.5096112887929
TAATAC	-21.2206385404789	9647	-20.7475092200498
TAATAG	-22.8806626731561	10684	-23.5421930763598
TAATCA	-16.4973354457727	13886	-19.351461251677
TAATCC	-8.95135811982276	10382	-9.07905869528654
TAATCG	-3.48365591397849	2325	-1.67208407329409
TAATGA	-15.9476491968578	17058	-20.7334755038132
TAATGC	-4.37281772953414	11055	-4.57669665006776
TAATGG	-6.47387728775296	12403	-7.17693832312171
TAATTA	-28.2474147414741	9090	-26.8084698973954
TAATTC	-19.407572815534	15450	-24.0130234639424
TAATTG	-18.445275142315	13175	-21.0752060255472
TACAAA	-18.0665207460982	21016	-26.0711947064348
TACAAC	-3.52631296316185	9311	-3.38711854016804
TACAAG	-7.2596729804112	12354	-8.03215786328069
TACACA	-4.39144755362874	17761	-5.82576264671285
TACACC	4.02309068545231	8943	3.78715270186612
TACACG	9.12159484893512	4038	5.76986052128472
TACAGA	-9.54347826086957	18561	-12.9425172654519
TACAGC	9.70583554376658	15080	11.8643780895682
TACAGG	4.31985127707727	15465	5.34755347936154
TACATC	-5.0030967610925	9849	-4.94249626878417
TACATG	-10.1039588155479	12529	-11.2579975816254
TACCAA	-8.68498199897137	11666	-9.33772947515971
TACCAC	11.3789803375674	11494	12.1436802213054
TACCAG	7.37735442127966	13910	8.66115064269978
TACCCA	0.217315716272602	14380	0.259407159215141
TACCCC	-2.89085118702953	12089	-3.16396961295831
TACCCG	9.39628252788106	5380	6.86054446726938
TACCGA	5.43432939541348	2878	2.90203558173641
TACCGC	24.4907231709888	4743	16.7895691192748
TACCGG	17.167348329925	4401	11.3367947142079
TACCTC	0.807820425467487	13209	0.924189817227515
TACCTG	-1.73879774730656	16336	-2.21224544883834
TACGAA	-3.95199863341305	2927	-2.12833274109986
TACGAC	8.32458563535912	2172	3.86192570640661
TACGAG	4.79394240317776	3021	2.62288683707273
TACGCA	18.3845491097071	3482	10.79888075362
TACGCC	22.0548110426159	3731	13.4099557524853
TACGCG	18.7597560975609	2460	9.26202865502018
TACGGA	5.16302268379339	3659	3.10882744275954
TACGGC	18.5017504376094	3999	11.6466198397366
TACGGG	4.36047064416448	4207	2.81534098124073
TACGTA	-8.29868228404099	1366	-3.05313400726836
TACGTC	17.896705107084	3035	9.8144012327076
TACGTG	10.8332656789121	4927	7.56941043022993
TACTAA	-20.2426536064114	10107	-20.2576916098274
TACTAC	-7.18206323765118	6863	-5.92267092763959
TACTAG	-11.1995237407995	6929	-9.27996235472742
TACTCA	-2.66160591347199	13799	-3.11228198696288
TACTCC	1.27059800664452	12040	1.38781888265547
TACTCG	5.89763534536404	3214	3.32822157550627
TACTGA	-5.36666202478764	14362	-6.40210932329408
TACTGC	19.1894993544685	13942	22.5547263663299
TACTGG	10.6912967924118	13811	12.5070339152363
TACTTC	-6.5872764786795	14540	-7.90677670738589
TACTTG	-8.15927515498331	12582	-9.11040740737089
TAGAAA	-19.7658874340166	29174	-33.6066858380709
TAGAAC	-8.23075568081733	11354	-8.73022696441237
TAGAAG	-9.63416993753109	18089	-12.8983144672379
TAGACA	-8.46807091864752	12747	-9.51699538004636
TAGACC	-3.48082986505234	7929	-3.0853425210352
TAGACG	11.780631276901	3485	6.92279280241561
TAGAGA	-9.06422499737643	19058	-12.4560607498981
TAGAGC	4.41388679245283	13250	5.05755376601149
TAGAGG	20.3823800738007	19512	28.3411304076505
TAGATC	-8.82308733920108	7385	-7.54757100141079
TAGATG	9.37906229460309	13693	10.9249662388798
TAGCAA	-4.32658011615989	14635	-5.21017718133637
TAGCAC	7.61064543168483	10737	7.85008474076945
TAGCAG	7.38643974913231	16423	9.4226440427214
TAGCCA	8.56186842647969	14547	10.2793735398112
TAGCCC	6.19212998613892	12986	7.02407504468698
TAGCCG	17.6653176851477	4942	12.3618708385539
TAGCGA	17.2622254758419	3415	10.0416138844728
TAGCGC	28.0945894816496	5286	20.332821546926
TAGCGG	24.0221314266258	5874	18.3269370812195
TAGCTA	-7.01099025606163	4413	-4.63615242812862
TAGCTC	7.706186356328	13061	8.76675966905026
TAGCTG	9.5643211219925	16542	12.2450210613168
TAGGAA	-7.68329231850939	22756	-11.537366752234
TAGGAC	0.480476190476193	10500	0.490092323575332
TAGGAG	2.79224897871426	18604	3.79113007310484
TAGGCA	3.83706606942889	14288	4.56558441574677
TAGGCC	8.08918556959907	11947	8.80127537343367
TAGGCG	23.5589839754518	5866	17.9613495630697
TAGGGA	-2.57852258715391	17842	-3.42849946991398
TAGGGC	6.64972996020467	14072	7.85223523585372
TAGGGG	14.7718551316985	17616	19.5164161370192
TAGGTA	-13.9761199133706	8773	-13.0308294874201
TAGGTC	0.123825503355708	8940	0.116544086081924
TAGGTG	19.8645143487859	14496	23.8074796103295
TAGTAA	-18.8172432050829	11332	-19.9397936677964
TAGTAC	-8.37963800904977	5525	-6.2001583054533
TAGTAG	-10.9344534466729	7529	-9.44445947770476
TAGTCA	1.53048780487805	11644	1.64396418128956
TAGTCC	2.69542857142857	9625	2.63232540796051
TAGTCG	10.3473507148865	2378	5.02280680078341
TAGTGA	0.0865205034510787	12315	0.095575730270393
TAGTGC	16.074165239726	9344	15.4670048763341
TAGTGG	32.9951619688683	14262	39.2239981478173
TAGTTC	-3.78521866155391	10953	-3.94338241526706
TAGTTG	-5.49247112211221	9696	-5.38363322480053
TATAAA	-31.0306442479418	22957	-46.801496335881
TATAAC	-25.6290667299929	8422	-23.4127155888018
TATAAG	-26.6113176373399	9684	-26.0678460966801
TATACA	-27.3175737814564	11961	-29.7397455889936
TATACC	-16.7165721907303	5998	-12.8872970177181
TATACG	-15.9190894130554	1823	-6.76585888441917
TATAGA	-26.2891098484849	10560	-26.8917595428173
TATAGC	-10.5089285714286	7168	-8.85663644164701
TATAGG	-15.7839867109634	7525	-13.6295443704647
TATATA	-36.9104468057867	7811	-32.4723710153087
TATATC	-27.8921161825726	8194	-25.1327970596091
TATATG	-28.6723305312109	11182	-30.1810342052248
TATCAA	-22.0776138828633	11525	-23.5930441155849
TATCAC	-8.90454138034061	10041	-8.88201329848907
TATCAG	-9.98522626082733	12353	-11.0472837754643
TATCCA	-9.78089134623438	11937	-10.6374470291909
TATCCC	-5.60871354119045	10937	-5.8388019528154
TATCCG	4.72267657992566	2690	2.43823591533964
TATCGA	-10.7734553775744	1748	-4.48370582024833
TATCGC	15.9777123633305	2378	7.75589467592317
TATCGG	5.44754098360656	2135	2.50559471901203
TATCTA	-26.5959383753501	9996	-26.4691393771692
TATCTC	-13.6310882052089	12709	-15.2966946338467
TATCTG	-10.4671133553441	15447	-12.949720049003
TATGAA	-20.6870310498383	16393	-26.3656671337655
TATGAC	-2.56406332453826	9475	-2.48444699213279
TATGAG	-8.82770270270269	11840	-9.56169593640117
TATGCA	-7.85069760388231	13188	-8.97447594192658
TATGCC	-0.966852010265182	9352	-0.930729828657814
TATGCG	9.65968147527242	2386	4.69687935210646
TATGGA	-11.8972970704273	11913	-12.9261816834144
TATGGC	4.1674721580164	9518	4.04722115414254
TATGGG	-4.52439024390244	11152	-4.75606538657632
TATGTA	-24.8430656934307	13015	-28.212310377374
TATGTC	-12.7027760384053	9582	-12.3776473038578
TATGTG	-10.4050349281666	15174	-12.7586569767599
TATTAA	-30.3044439764111	18992	-41.5722040137255
TATTAC	-19.7819650067295	10402	-20.0834922524637
TATTAG	-23.4537544466878	10401	-23.8101044835247
TATTCA	-20.9851098079797	17394	-27.5500478834947
TATTCC	-11.900472972973	14800	-14.4114095101638
TATTCG	-9.03361669242659	2588	-4.57462157665352
TATTGA	-20.8809446121217	12259	-23.0138375401685
TATTGC	-1.80248264054028	10513	-1.83969489009355
TATTGG	-4.82261915694737	10889	-5.0094303765022
TATTTC	-20.0375774988659	26452	-32.4403739019989
TATTTG	-20.2411372411372	22792	-30.4184798599701
TCAAAC	-6.69955268389662	16096	-8.46089231074843
TCAAAG	-7.65559976788526	24126	-11.8367714305964
TCAACC	5.0107797049765	12338	5.54037386272082
TCAACG	12.7219476025705	4046	8.05522954624621
TCAAGA	-7.6880183844894	18929	-10.5290606633863
TCAAGC	6.69015800097446	14367	7.98235061181845
TCAAGG	3.79477111664432	20884	5.45888327032763
TCAATC	-4.75703527546571	10092	-4.75703527546571
TCAATG	-3.92897466657257	14171	-4.65576291484781
TCACAC	10.5693337129841	21072	15.2725609953727
TCACAG	11.2719374863524	32057	20.0896046039441
TCACCC	10.0327726752979	27111	16.443911076941
TCACCG	18.9856549641374	10596	19.4539563839811
TCACGA	10.135	4800	6.9896551724138
TCACGC	24.2834155508574	8514	22.3042679498712
TCACGG	17.9865149599663	9492	17.4436461024215
TCACTC	8.88487987657042	22685	13.3208620686023
TCACTG	13.5429484744904	31596	23.9629707591945
TCAGAC	6.02253028263796	18575	8.17061567179194
TCAGAG	4.47216450832504	35135	8.34447712947279
TCAGCC	17.0928664884237	35158	31.9035022080584
TCAGCG	23.3257756563246	12570	26.0324541557847
TCAGGA	5.09792546818841	31718	9.03769661021277
TCAGGC	14.823717503128	28772	25.029578429449
TCAGGG	7.63583084348426	34808	14.1810116277914
TCAGTC	6.54270150255589	19367	9.06357770194949
TCAGTG	8.84548422198041	27570	14.620134712191
TCATAC	-7.00973028337316	8787	-6.54083208300083
TCATAG	-5.88617672790901	11430	-6.26423139214249
TCATCC	7.47214320745464	20390	10.6209943728593
TCATCG	19.1655705996132	5170	13.7176085101428
TCATGA	-2.9623745819398	8372	-2.69814920210028
TCATGC	12.723021116725	15438	15.7361013980011
TCATGG	6.66255611301822	18935	9.12609349137866
TCATTC	-3.13459661333446	23563	-4.78970020128107
TCATTG	1.89678165986995	18146	2.54342639584098
TCCAAC	2.59898266043893	15629	3.2343004166384
TCCAAG	4.49632523595854	25852	7.19641450985972
TCCACC	17.1580628168829	30374	29.7666956379396
TCCACG	16.5042165046037	11621	17.7103866122813
TCCAGC	16.7739278824751	40434	33.5752692385596
TCCAGG	11.0792240141856	47372	24.0038875165292
TCCATC	4.46768802228412	21540	6.52705192038125
TCCATG	3.93558798765086	21378	5.72802021217026
TCCCAC	8.45430996633983	34165	15.555366867456
TCCCAG	10.6225812356979	54625	24.7136655508205
TCCCCC	4.69928634668527	37273	9.03109608467346
TCCCCG	8.39089064577066	28586	14.1219976520634
TCCCGC	18.4876710820827	27253	30.3809075481935
TCCCGG	10.7054956934128	28677	18.0461689245633
TCCCTC	12.7242492165286	48183	27.8029234576647
TCCCTG	11.3728194020036	51706	25.7424568058904
TCCGAC	14.002664002664	6006	10.8022621098021
TCCGAG	9.66068668131153	12291	10.6613692605625
TCCGCC	24.5336458907887	23569	37.4924697568093
TCCGCG	19.85028363047	14808	24.0450839950147
TCCGGA	14.4728356116369	5706	10.8825555321735
TCCGGC	19.8962024585907	17327	26.0701336931109
TCCGGG	10.5397039925555	22567	15.760743728746
TCCGTC	15.4622195985832	8470	14.1652720970645
TCCGTG	17.7152877697842	11120	18.5956765773203
TCCTAC	1.24472823439349	14369	1.48524873893653
TCCTAG	3.10809757184228	17956	4.14582361981522
TCCTCC	13.1875183807629	57805	31.5614654353203
TCCTCG	10.3050858829844	14904	12.5231740219965
TCCTGC	19.2620370983039	45339	40.827196832062
TCCTGG	12.7590346651554	52935	29.2213755065891
TCCTTC	3.32039894617991	39855	6.59846706233016
TCCTTG	5.9073248851135	28724	9.96608746904864
TCGAAC	3.2437220502236	2907	1.74091484281995
TCGAAG	4.01905765179084	5221	2.89076282909577
TCGACC	8.96339659847177	4057	5.68311567415856
TCGACG	15.3297020898177	2249	7.23668754753732
TCGAGC	10.3207547169811	5724	7.77271329102755
TCGAGG	5.99389400921659	8680	5.55879042353653
TCGATC	1.16837337534463	2539	0.586036115924301
TCGATG	9.41094420600859	3728	5.71982220741031
TCGCAC	16.2507369196757	5428	11.9180268146096
TCGCAG	18.0239038444224	11107	18.9085674380562
TCGCCC	17.9060673877906	16086	22.6066195645184
TCGCCG	16.676998443366	10921	17.3484416951495
TCGCGA	26.4014267185473	2313	12.6394038936799
TCGCGC	24.4864420297079	10031	24.4123270427319
TCGCGG	16.5410706450197	11395	17.5764903602244
TCGCTC	17.9989128465302	11038	18.8236070408917
TCGCTG	22.6333488300016	12906	25.5950525987415
TCGGAC	9.71937163041457	5379	7.09578322444816
TCGGAG	9.87958764650527	11689	10.6325853312891
TCGGCC	13.5371417797889	15912	16.9981141582753
TCGGCG	15.6081804281346	10464	15.8932429181797
TCGGGA	6.25171004708182	11257	6.60269960956925
TCGGGC	9.77989620125424	13873	11.4664984756403
TCGGGG	0.442579455957103	17903	0.589475195972046
TCGGTC	11.0468164794008	6141	8.61723758318088
TCGGTG	13.655116616449	8961	12.8672290275525
TCGTAC	7.10688956433638	1974	3.14314575065755
TCGTAG	7.86490250696379	3231	4.45013515958072
TCGTCC	12.4363032933367	7834	10.9570707938822
TCGTCG	12.483921815889	3172	6.99888743202137
TCGTGC	19.3719350563287	6036	14.9816276513262
TCGTGG	15.6355061948878	8959	14.7317077048982
TCGTTC	6.46	5125	4.6035284551113
TCGTTG	8.13136979897148	4278	5.29414072942185
TCTAAC	-7.37445054945055	10920	-7.6710067694525
TCTAAG	-8.39992800575954	15279	-10.3355694207724
TCTACC	-0.900841978649823	13302	-1.03423318015019
TCTACG	7.10703125	3840	4.38394620502491
TCTAGA	-4.18101478898641	8317	-3.79556500280644
TCTAGC	8.45703250724171	12428	9.38490760472475
TCTAGG	2.08733183209193	17319	2.73441407843841
TCTATC	-10.940200807166	10159	-10.9764563018245
TCTATG	-10.0242800439152	11841	-10.8582230945295
TCTCAC	3.80753985730644	22706	5.71118402358093
TCTCAG	3.48690753799905	35593	6.54838353345601
TCTCCC	4.14130856428603	46402	8.88008901984652
TCTCCG	11.333397263777	15642	14.1096951946872
TCTCGA	1.66869634657617	5009	1.17561254021651
TCTCGC	18.6987481857765	11024	19.5431027061818
TCTCGG	8.51200489371465	13078	9.68977985341469
TCTCTC	-2.53629681836488	39728	-5.03222217406229
TCTCTG	3.42592425913008	44441	7.18920798065507
TCTGAC	8.35537394749876	20190	11.8180393094049
TCTGAG	3.76924843543664	34834	7.00273700155001
TCTGCC	15.6687206865582	40084	31.2270130406458
TCTGCG	18.0912977520342	14502	21.6867788560811
TCTGGA	2.79304220003675	32654	5.02408606869145
TCTGGC	16.6555500556862	32324	29.8080048437091
TCTGGG	5.0782016468115	45664	10.8021025705455
TCTGTC	4.89719932900591	27422	8.07251245288449
TCTGTG	6.24453772610504	37759	12.078747838063
TCTTAC	-8.98647829709871	13201	-10.2778984984764
TCTTAG	-6.65629605895546	15605	-8.2770560446651
TCTTCC	1.81474225830816	42368	3.71830759044382
TCTTCG	3.15927828084876	7399	2.70511526158795
TCTTGC	5.37478518235631	20948	7.74361536496994
TCTTGG	2.33638844834581	27113	3.82952771049482
TCTTTC	-10.1439809231444	36484	-19.2872818242843
TCTTTG	-7.72209404899233	29474	-13.1967200958653
TGAAAC	-3.71521248589695	21272	-5.3938541489648
TGAAAG	-6.05845737483085	29560	-10.3687320284925
TGAACA	-1.06358690372097	20586	-1.51904396763278
TGAACC	2.60588662790698	13760	3.04281895737788
TGAACG	11.3817966903073	5499	8.40163988338073
TGAAGA	-5.84546543583962	28382	-9.80284134494921
TGAAGC	5.83837862115428	22265	8.67191444445595
TGAAGG	2.35648844034071	27942	3.92107759676353
TGAATC	-0.162609827530098	15365	-0.200643202271868
TGAATG	-3.51503726626858	22943	-5.29988462487122
TGACAC	16.4215189873418	18170	22.0344477135423
TGACAG	12.2757106540328	25962	19.6891557822149
TGACCA	15.7884830035515	19710	22.0645510454601
TGACCC	6.27594384367293	21084	9.07124573232342
TGACCG	19.3911070780399	7163	16.3365918629894
TGACGA	18.1099156118144	4740	12.4112915185136
TGACGC	32.7260717846461	8024	29.1810367649999
TGACGG	22.0799793601652	7752	19.3516020346713
TGACTC	29.1909183785164	27407	48.1049632897167
TGACTG	13.330943492279	23572	20.3737270153345
TGAGAC	2.23516595836247	18589	3.03353609820525
TGAGAG	3.75368821809776	29418	6.40879157951617
TGAGCA	12.1796376058221	26932	19.8966540335249
TGAGCC	13.4172115664051	27528	22.1595520400381
TGAGCG	19.362143474503	11570	20.7315365882552
TGAGGA	3.69907558294569	33751	6.76469011753148
TGAGGC	11.9479820769304	31691	21.1725863736138
TGAGGG	5.38932379144151	34235	9.92614973135713
TGAGTC	26.9340892577154	26149	43.3552022592146
TGAGTG	9.17331331331332	24975	14.4307982329935
TGATAC	-9.15270108043218	8330	-8.31540025903301
TGATAG	-8.50519098922624	10210	-8.55476966025356
TGATCA	-5.77171290711701	6632	-4.67884177024627
TGATCC	3.11211089494164	12336	3.44075399968899
TGATCG	7.97716535433071	3175	4.47436942142275
TGATGA	1.36913091733823	20723	1.9619262152427
TGATGC	12.0934024025933	15733	15.0996073648093
TGATGG	7.36714893201037	20459	10.4894575502763
TGATTC	-0.0357163649065596	17177	-0.0465963917992926
TGATTG	5.60431045709077	15358	6.91354662724772
TGCAAC	14.9036148916253	13887	17.4826481311761
TGCAAG	9.68816568047338	20280	13.7336796100628
TGCACC	16.8458471114569	20564	24.0468409838318
TGCACG	22.2854487519915	9415	21.5249883442126
TGCAGA	11.2198720329058	35009	20.8972498673571
TGCAGC	24.5740059642147	40240	49.070030107111
TGCAGG	20.1594251882241	42901	41.5645642256028
TGCATC	11.2846568774348	16685	14.5098473328771
TGCATG	10.676051179372	20477	15.2074077718617
TGCCAC	34.9946986607143	28672	58.9851422657078
TGCCAG	20.2902856064079	37079	38.8922927188602
TGCCCC	18.190378454145	39952	36.1928161161683
TGCCCG	15.2654668813247	17392	20.039931551245
TGCCGA	16.3246844319776	7130	13.7214794270684
TGCCGC	25.3208808947308	17346	33.1963137417759
TGCCGG	20.1760829774253	16390	25.7121096332988
TGCCTC	16.1641152263375	36450	30.7193543131647
TGCCTG	20.1315630797774	43120	41.6129257361531
TGCGAC	20.1940217391304	5520	14.9349487757695
TGCGAG	18.5709546232877	9344	17.8694844449332
TGCGCA	40.5214132762312	6071	31.4286755404567
TGCGCC	28.5680328352921	16933	37.0048518310703
TGCGCG	30.1509953409572	14166	35.7220728154192
TGCGGA	15.6606503168917	10887	16.2657945662061
TGCGGC	18.6436264712414	18012	24.9070757393708
TGCGGG	11.9943399990026	20053	16.9074227355992
TGCGTC	25.7407276995305	8520	23.6511355351039
TGCGTG	23.4427919627972	11397	24.9124239961883
TGCTAC	8.32620713483632	11577	8.91777696854505
TGCTAG	6.92468281430219	13005	7.86079449480239
TGCTCC	16.9270218396487	34387	31.2456150529478
TGCTCG	18.2283756459223	8902	17.1199756992741
TGCTGA	16.1178877259753	31530	28.4892811209913
TGCTGC	31.5121323864154	43932	65.7475628451089
TGCTGG	26.1466943957968	45680	55.6277145651286
TGCTTC	8.49084875301689	29832	14.5983465497557
TGCTTG	9.53309840306897	22418	14.2083578753207
TGGAAC	8.27334264532072	18614	11.2360133135495
TGGAAG	5.05477310421707	36779	9.64968204127296
TGGACC	7.99898580121704	16762	10.3088263270807
TGGACG	19.1560636182902	9054	18.1442029437775
TGGAGA	3.77993402401938	38802	7.41178229459628
TGGAGC	18.4548712503318	33903	33.8252849302568
TGGAGG	12.815081591025	47064	27.6743336336097
TGGATC	3.42663768779074	13113	3.90598523098685
TGGATG	7.90762888466069	22074	11.6949448272704
TGGCAC	25.8313024935811	22979	38.9783316787182
TGGCAG	29.9756859549036	44172	62.7124894503818
TGGCCA	31.7444385733157	18925	43.4707340502827
TGGCCC	14.046454968519	36530	26.7240912756018
TGGCCG	23.4931764945514	19638	32.771909607002
TGGCGA	26.1125648788927	9248	24.9968233812951
TGGCGC	40.5706641570315	18595	55.0708256571074
TGGCGG	25.0163014899211	22820	37.617705435116
TGGCTC	19.8833373320537	33344	36.1417775352908
TGGCTG	24.2885548609969	48632	53.3180330904303
TGGGAC	7.8199547310133	24741	12.2440259873614
TGGGAG	9.65764090407487	48934	21.2660970295677
TGGGCA	14.5592307909684	35387	27.2628768982932
TGGGCC	9.62854431634705	35303	18.0085115629966
TGGGCG	22.4450129622049	21987	33.1294501409212
TGGGGA	4.20259435901653	48644	9.22663822278648
TGGGGC	10.2511214196626	45701	21.8145173305921
TGGGGG	-1.1398214550147	47271	-2.46686623948114
TGGGTC	4.53926159387664	22210	6.73396523331992
TGGGTG	12.6021257194962	35094	23.5002034857203
TGGTAC	7.35199073563472	9067	6.96864174284123
TGGTAG	7.32743957027753	13404	8.44463405128967
TGGTCC	10.711822153688	19455	14.8727182327686
TGGTCG	17.3010921727619	6043	13.3878610444705
TGGTGA	17.9803857026682	25823	28.7616455840499
TGGTGC	28.4422422072819	22906	42.849902464958
TGGTGG	25.3058587964233	36458	48.098206190125
TGGTTC	7.53656782473999	18076	10.0863993071939
TGGTTG	10.5190067443286	17941	14.0252120362402
TGTAAC	-2.51295769938137	11962	-2.73588889292378
TGTAAG	-7.04224193433006	13979	-8.2882028669666
TGTACA	-6.16883693400414	6758	-5.04805133974937
TGTACC	1.31004192453584	10018	1.30523011980148
TGTACG	8.75334202804044	3067	4.82549828366674
TGTAGA	-7.05006275275414	14342	-8.40444851027352
TGTAGC	9.11173980297973	12283	10.0522878081717
TGTAGG	4.09806429312133	14465	4.90624651593538
TGTATC	-10.9254444656853	10462	-11.123919843249
TGTATG	-10.8020738029887	13116	-12.3145691921549
TGTCAC	16.1656880562934	21459	23.5727534055679
TGTCAG	11.4289895442251	24771	17.9056868181928
TGTCCA	11.7095514489352	23431	17.842144413787
TGTCCC	8.10076144609677	30731	14.1359684922476
TGTCCG	17.5023998080154	8334	15.9050752200755
TGTCGA	3.5720863766275	3149	1.99535264668947
TGTCGC	26.3729059947391	7223	22.3114694024006
TGTCGG	18.2007918552036	7072	15.2360639962992
TGTCTC	5.77652200120555	26544	9.36830443418375
TGTCTG	8.58761816924141	30359	14.8945654218325
TGTGAC	15.2021031403054	20826	21.8382576647429
TGTGAG	10.0346538238702	27616	16.5994676710696
TGTGCA	13.8050031318509	25544	21.9630343771698
TGTGCC	17.098086862609	25926	27.4048012342152
TGTGCG	19.8469446303911	10457	20.2026616848303
TGTGGA	7.87759806791569	27328	12.9631074829544
TGTGGC	24.015640197032	31873	42.6792735652436
TGTGGG	9.69335125886092	36819	18.5148980131022
TGTGTC	9.90172063061536	23596	15.1405357048097
TGTGTG	7.64537185003073	40675	15.3487768834587
TGTTAC	-3.21671272963745	12302	-3.55149753960246
TGTTAG	-4.29293082524272	13184	-4.90669278144001
TGTTCC	8.21561423174326	24087	12.6923714629069
TGTTCG	9.14130190796858	4455	6.07355943515439
TGTTGA	-0.169577713906697	18092	-0.227051013495785
TGTTGC	15.2971953740433	17899	20.372183368782
TGTTGG	8.32824614780646	20378	11.8343854593144
TGTTTC	-3.52981338188439	30758	-6.16229054004108
TGTTTG	-2.4338559875693	28317	-4.07689828873455
TTAAAA	-29.9512271499589	51094	-67.3924044779977
TTAAAC	-18.6978253244476	17106	-24.3431464140994
TTAAAG	-19.7441047324768	24596	-30.823437268722
TTAACA	-17.0901630129286	17790	-22.6905779724321
TTAACC	-7.62859036676977	11315	-8.07761134813522
TTAACG	-1.17488123515439	3368	-0.678721158188926
TTAAGA	-20.6943430656934	19728	-28.933738573425
TTAAGC	-9.29515750670241	11936	-10.1087518929463
TTAAGG	-9.21648337677198	15731	-11.5068059361286
TTAATC	-18.0478428536997	12447	-20.0432906688064
TTAATG	-17.9943027358436	17289	-23.5521923204095
TTACAA	-16.2309630138555	17466	-21.3526801721674
TTACAC	-4.19238700807699	11638	-4.50206666894499
TTACAG	-3.55537248122738	18511	-4.81516780005156
TTACCA	-1.98822344195095	14393	-2.3743909690485
TTACCC	-2.87627341439369	12172	-3.15880282686988
TTACCG	9.67000253356981	3947	6.04743947037442
TTACGA	-1.53815406976744	2752	-0.80322169967163
TTACGC	15.8651551312649	2933	8.55286729443183
TTACGG	5.28118040089087	3592	3.15072534107324
TTACTC	-4.74880663876037	13617	-5.51615656443623
TTACTG	-2.79685782072797	17281	-3.6598745863412
TTAGAA	-19.3717129409733	23159	-29.345350784219
TTAGAC	-9.27695410443693	9173	-8.84448365882782
TTAGAG	-8.91312150632539	16995	-11.566495428513
TTAGCA	-4.55372506532407	15691	-5.67810600946682
TTAGCC	5.38051221166892	11792	5.81605809267684
TTAGCG	13.9396829328709	4037	8.81644797947656
TTAGGA	-8.56393071873793	18129	-11.4781381823826
TTAGGC	2.60344827586207	11049	2.72409230609455
TTAGGG	-6.5836124628705	15823	-8.24365962590536
TTAGTC	-1.68288508557457	10225	-1.6939379545014
TTAGTG	-4.79943993058294	12677	-5.37910701775042
TTATAA	-32.6348933957358	9615	-31.8543114323726
TTATAC	-26.0691501226857	8966	-24.5718366402182
TTATAG	-24.2614879649891	10968	-25.2925450805404
TTATCA	-18.8650060265167	14934	-22.948610816166
TTATCC	-12.0366601379545	11743	-12.9839521905185
TTATCG	-4.51214405360134	2388	-2.19488361608184
TTATGA	-17.7458696500585	15374	-21.902924421731
TTATGC	-9.64669323465224	10539	-9.85801669892597
TTATGG	-9.52415378186378	11965	-10.3703670870376
TTATTC	-21.9536159335393	18778	-29.9462267453907
TTATTG	-19.0035935563816	16140	-24.0324959361724
TTCAAC	-5.79087995541001	14353	-6.90601128411369
TTCAAG	-7.66890401764311	20858	-11.0250613014068
TTCACA	-3.24857524662971	25443	-5.15808469374233
TTCACC	4.52477750809062	19776	6.33399672907309
TTCACG	7.97577676336327	6791	6.54261302905509
TTCAGA	-7.01845476513622	30209	-12.142861983869
TTCAGC	9.89932200778151	25959	15.8767208751802
TTCAGG	2.36633289897812	29162	4.02249834074379
TTCATC	-5.27349010149733	19902	-7.40555949252917
TTCATG	-6.13737280296023	20539	-8.75555198619663
TTCCAC	7.21789800271476	25785	11.5373399032029
TTCCAG	6.08014122654285	41352	12.3075980870473
TTCCCA	4.47592128293676	42278	9.16117198559337
TTCCCC	3.51622901210465	40976	7.08521955459716
TTCCCG	13.6988938293027	18442	18.5182902873097
TTCCGA	11.4619296716071	6882	9.46512715328996
TTCCGC	24.5829827021973	12834	27.7221540230901
TTCCGG	26.3639689219812	15445	32.6149056427381
TTCCTC	5.19153603633397	45357	11.0059975781757
TTCCTG	11.7706651063	51270	26.5304148698598
TTCGAA	-4.48117760617761	2072	-2.03047857645459
TTCGAC	1.28228911445573	2857	0.682263997865381
TTCGAG	1.22139577594123	5445	0.897153456772988
TTCGCA	9.92834299420347	5003	6.99042213947963
TTCGCC	14.8667673716012	8275	13.4620725316088
TTCGCG	18.4905511811024	5080	13.1187692250196
TTCGGA	4.75544024104453	5974	3.65876669148477
TTCGGC	14.7847012475377	7615	12.8427753598737
TTCGGG	0.881230170913931	9771	0.867102110950005
TTCGTC	7.94581589958159	4780	5.46844471511417
TTCGTG	5.75976718226758	6271	4.54030165889631
TTCTAC	-11.0058373590982	14904	-13.3747567046828
TTCTAG	-8.5072421631337	18917	-11.6473280162613
TTCTCA	-4.8660612939841	33478	-8.86275424000715
TTCTCC	0.284489875200312	41186	0.574715620772926
TTCTCG	6.82867055843155	9079	6.47689040274541
TTCTGA	-5.79671364449606	31859	-10.2993376453806
TTCTGC	6.91721993571064	33287	12.5626219760965
TTCTGG	3.35968243484961	36339	6.37523346945053
TTCTTC	-9.31447736165455	35780	-17.53840274019
TTCTTG	-7.38014981273408	27501	-12.1829033806286
TTGAAC	-4.81454868399806	12386	-5.33374807957621
TTGAAG	-7.8201370384469	21016	-11.2849794504226
TTGACA	-2.77533123028391	15850	-3.47809015503218
TTGACC	4.67052214144085	12104	5.11494857645194
TTGACG	16.3300907911803	3855	10.0928116725012
TTGAGA	-7.55117809787274	20966	-10.8838834683152
TTGAGC	8.68207810773931	15389	10.7211227275148
TTGAGG	1.3496109839817	21850	1.98584662847134
TTGATC	-9.11541578041123	9873	-9.01596942899255
TTGATG	-5.50921838483511	15404	-6.80641024863442
TTGCAA	-1.81619985636606	9747	-1.78488606573906
TTGCAC	11.5703789636504	14223	13.735819262454
TTGCAG	11.5284058413086	26227	18.5846738549287
TTGCCA	13.8709207708779	23350	21.0989145193732
TTGCCC	11.2045609257999	22035	16.5562794808203
TTGCCG	19.1404142253713	7339	16.3222924602906
TTGCGA	16.5057986294149	3794	10.1203745254834
TTGCGC	30.3650083421811	6593	24.5429250839851
TTGCGG	15.5364490728981	7874	13.7233724476202
TTGCTC	10.1141811527905	21860	14.8856288317006
TTGCTG	13.195358594467	30508	22.9424315667133
TTGGAA	-7.15307796561809	28038	-11.9227888698094
TTGGAC	5.29399748585795	12728	5.94531942681042
TTGGAG	2.61407081269492	27255	4.29587682376546
TTGGCA	9.54494235370894	22985	14.4047903863008
TTGGCC	18.4316110693086	23922	28.3774534390099
TTGGCG	22.3075772681954	9027	21.0977191257085
TTGGGA	-1.16460587326121	25880	-1.8649727523566
TTGGGC	9.46104083497667	20791	13.5796315077769
TTGGGG	-4.35439030273791	33164	-7.89354676818085
TTGGTC	9.03619623278044	14228	10.729240022691
TTGGTG	8.88945052887766	21366	12.9344482767767
TTGTAC	-7.64136842105263	9500	-7.41385897985617
TTGTAG	-3.59966575508963	13164	-4.11118947040166
TTGTCA	-1.85826668757514	19131	-2.5585167024412
TTGTCC	5.13474078033138	18710	6.9914426029082
TTGTCG	11.6072787217854	3943	7.25529675784001
TTGTGA	-2.01151104958211	19503	-2.79630482474151
TTGTGC	9.90873111057808	16676	12.737240984309
TTGTGG	12.5735458372713	23278	19.0959812849712
TTGTTC	-3.15314391219612	19498	-4.38278538614029
TTGTTG	-5.72306028798987	18959	-7.84417751479792
TTTAAA	-29.5293723475541	26862	-48.1764469744487
TTTAAC	-19.0192947043458	16844	-24.5713152148824
TTTAAG	-19.5410124820597	22993	-29.4955338403126
TTTACA	-16.1416238302359	22761	-24.24120870351
TTTACC	-8.42446212989816	14827	-10.2112804755869
TTTACG	-0.992195367573011	3972	-0.622462501963052
TTTAGA	-21.4068314226649	21284	-31.0878289165843
TTTAGC	-5.49245497900206	14049	-6.48038176172269
TTTAGG	-12.6297085015764	18079	-16.9040943651415
TTTATC	-20.8581483176929	17476	-27.4478384169216
TTTATG	-20.2501443418014	20784	-29.0605660347371
TTTCAA	-17.4481541189747	31015	-30.5876956676392
TTTCAC	-6.18520039421813	24352	-9.60798843223821
TTTCAG	-5.20616625028389	35224	-9.72632434104649
TTTCCA	-4.37623476123933	41506	-8.87498098914139
TTTCCC	-0.419420653782339	44602	-0.881735565260807
TTTCCG	15.9041543558063	11169	16.7312776641618
TTTCGA	-4.6141223272004	4022	-2.9128727742672
TTTCGC	13.9332038507009	5921	10.6723460987819
TTTCGG	2.8994708994709	7182	2.44597961789942
TTTCTC	-8.92552713717916	44533	-18.7493506011192
TTTCTG	-6.3569351934217	46091	-13.5852372872056
TTTGAA	-17.9961112867531	31630	-31.8595505770535
TTTGAC	-6.726948445282	14858	-8.16224554241284
TTTGAG	-8.79280013031439	24556	-13.7156815371831
TTTGCA	-3.2474758248009	28128	-5.4215907605604
TTTGCC	3.20021016194833	24267	4.96247034025452
TTTGCG	13.0068322981366	6440	10.3902465613164
TTTGGA	-9.4420163170163	27456	-15.5738059392412
TTTGGC	6.69669807006312	21866	9.85727265813278
TTTGGG	-6.82920082650136	30006	-11.7756615731749
TTTGTC	-5.45082796688133	21740	-8.00025121548322
TTTGTG	-5.16549009918463	28331	-8.65473679085322
TTTTAC	-20.5395409393384	20738	-29.4432364721785
TTTTAG	-21.3976736200533	23298	-32.5115188070579
TTTTCA	-18.23603641912	39979	-36.295918690698
TTTTCC	-9.65948331539289	46450	-20.7232628202799
TTTTCG	-4.0353835978836	6048	-3.12393576154915
TTTTGA	-20.0021900929454	28081	-33.3653138323538
TTTTGC	-6.85018277583428	25441	-10.8762862089666
TTTTGG	-12.1838880123289	27253	-20.0218607112091
TTTTTC	-20.9568865679813	47491	-45.461503964587
TTTTTG	-21.1951882783012	33647	-38.7009683643736
